wavelength_nm	intensity
721.892000	3476
721.735000	3456
721.577000	3505
721.420000	3522
721.262000	3509
721.105000	3501
720.948000	3500
720.790000	3474
720.633000	3476
720.475000	3499
720.318000	3496
720.160000	3481
720.003000	3496
719.845000	3504
719.688000	3508
719.530000	3527
719.373000	3504
719.215000	3496
719.058000	3495
718.900000	3483
718.743000	3470
718.586000	3510
718.428000	3533
718.271000	3524
718.113000	3544
717.956000	3514
717.798000	3494
717.641000	3535
717.483000	3534
717.326000	3484
717.168000	3485
717.011000	3538
716.853000	3518
716.696000	3500
716.538000	3503
716.381000	3525
716.223000	3484
716.066000	3490
715.909000	3495
715.751000	3472
715.594000	3458
715.436000	3481
715.279000	3476
715.121000	3496
714.964000	3516
714.806000	3520
714.649000	3505
714.491000	3531
714.334000	3519
714.176000	3497
714.019000	3533
713.861000	3543
713.704000	3541
713.547000	3537
713.389000	3524
713.232000	3511
713.074000	3479
712.917000	3471
712.759000	3439
712.602000	3461
712.444000	3556
712.287000	3530
712.129000	3518
711.972000	3545
711.814000	3539
711.657000	3522
711.499000	3517
711.342000	3499
711.185000	3479
711.027000	3511
710.870000	3524
710.712000	3538
710.555000	3538
710.397000	3526
710.240000	3525
710.082000	3475
709.925000	3464
709.767000	3450
709.610000	3480
709.452000	3517
709.295000	3516
709.137000	3514
708.980000	3515
708.822000	3492
708.665000	3519
708.508000	3504
708.350000	3516
708.193000	3524
708.035000	3503
707.878000	3492
707.720000	3512
707.563000	3535
707.405000	3534
707.248000	3503
707.090000	3492
706.933000	3475
706.775000	3513
706.618000	3540
706.460000	3533
706.303000	3521
706.146000	3519
705.988000	3526
705.831000	3544
705.673000	3519
705.516000	3473
705.358000	3457
705.201000	3492
705.043000	3513
704.886000	3534
704.728000	3541
704.571000	3497
704.413000	3522
704.256000	3538
704.098000	3534
703.941000	3530
703.784000	3522
703.626000	3505
703.469000	3509
703.311000	3542
703.154000	3528
702.996000	3518
702.839000	3526
702.681000	3519
702.524000	3524
702.366000	3509
702.209000	3511
702.051000	3516
701.894000	3507
701.736000	3520
701.579000	3532
701.422000	3562
701.264000	3550
701.107000	3522
700.949000	3500
700.792000	3507
700.634000	3520
700.477000	3494
700.319000	3488
700.162000	3515
700.004000	3541
699.847000	3543
699.689000	3529
699.532000	3542
699.374000	3506
699.217000	3479
699.059000	3539
698.902000	3547
698.745000	3527
698.587000	3547
698.430000	3522
698.272000	3535
698.115000	3534
697.957000	3521
697.800000	3545
697.642000	3493
697.485000	3491
697.327000	3508
697.170000	3532
697.012000	3544
696.855000	3539
696.697000	3524
696.540000	3518
696.388000	3478
696.235000	3517
696.083000	3534
695.931000	3566
695.778000	3558
695.626000	3523
695.474000	3528
695.321000	3564
695.169000	3534
695.017000	3492
694.864000	3514
694.712000	3503
694.560000	3513
694.407000	3548
694.255000	3542
694.103000	3532
693.950000	3524
693.798000	3489
693.646000	3500
693.493000	3524
693.341000	3567
693.189000	3525
693.036000	3549
692.884000	3563
692.732000	3505
692.579000	3508
692.427000	3555
692.275000	3529
692.122000	3514
691.970000	3534
691.818000	3511
691.665000	3486
691.513000	3503
691.361000	3489
691.208000	3498
691.056000	3502
690.904000	3511
690.751000	3532
690.599000	3522
690.447000	3514
690.294000	3518
690.142000	3504
689.990000	3494
689.837000	3523
689.685000	3547
689.533000	3524
689.380000	3517
689.228000	3497
689.076000	3528
688.923000	3525
688.771000	3491
688.619000	3520
688.466000	3532
688.314000	3526
688.162000	3558
688.009000	3552
687.857000	3545
687.705000	3577
687.552000	3544
687.400000	3541
687.248000	3534
687.095000	3507
686.943000	3510
686.791000	3527
686.638000	3552
686.486000	3576
686.334000	3562
686.181000	3531
686.029000	3557
685.877000	3569
685.724000	3529
685.572000	3536
685.420000	3545
685.267000	3525
685.115000	3528
684.963000	3551
684.811000	3530
684.658000	3507
684.506000	3539
684.354000	3550
684.201000	3519
684.049000	3519
683.897000	3548
683.744000	3555
683.592000	3526
683.440000	3510
683.287000	3500
683.135000	3518
682.983000	3519
682.830000	3540
682.678000	3578
682.526000	3576
682.373000	3558
682.221000	3574
682.069000	3561
681.916000	3553
681.764000	3567
681.612000	3524
681.459000	3515
681.307000	3547
681.155000	3543
681.002000	3550
680.850000	3574
680.698000	3532
680.545000	3508
680.393000	3555
680.241000	3569
680.088000	3548
679.936000	3563
679.784000	3544
679.631000	3543
679.479000	3555
679.327000	3577
679.174000	3540
679.022000	3520
678.870000	3553
678.717000	3578
678.565000	3531
678.413000	3544
678.260000	3576
678.108000	3552
677.956000	3555
677.803000	3551
677.651000	3555
677.499000	3571
677.346000	3607
677.194000	3567
677.042000	3549
676.889000	3581
676.737000	3553
676.585000	3559
676.432000	3601
676.280000	3604
676.128000	3588
675.975000	3609
675.823000	3592
675.671000	3576
675.518000	3564
675.366000	3574
675.214000	3556
675.061000	3556
674.909000	3607
674.757000	3617
674.604000	3633
674.452000	3655
674.300000	3604
674.147000	3600
673.995000	3636
673.843000	3609
673.690000	3575
673.538000	3574
673.386000	3577
673.233000	3578
673.081000	3599
672.929000	3612
672.776000	3628
672.624000	3634
672.472000	3634
672.319000	3590
672.167000	3598
672.015000	3600
671.862000	3633
671.710000	3657
671.558000	3649
671.405000	3634
671.253000	3635
671.101000	3612
670.948000	3616
670.796000	3628
670.644000	3646
670.491000	3600
670.339000	3611
670.187000	3644
670.034000	3619
669.882000	3631
669.730000	3681
669.577000	3700
669.425000	3684
669.273000	3655
669.120000	3650
668.968000	3648
668.816000	3650
668.663000	3659
668.511000	3688
668.359000	3670
668.206000	3639
668.054000	3621
667.902000	3624
667.749000	3644
667.597000	3622
667.445000	3634
667.292000	3633
667.140000	3663
666.988000	3656
666.835000	3641
666.683000	3628
666.531000	3632
666.378000	3608
666.226000	3625
666.074000	3625
665.921000	3605
665.769000	3633
665.617000	3674
665.464000	3690
665.312000	3638
665.160000	3640
665.007000	3645
664.855000	3569
664.703000	3587
664.550000	3630
664.398000	3657
664.246000	3642
664.093000	3618
663.941000	3642
663.789000	3616
663.636000	3626
663.484000	3650
663.332000	3609
663.179000	3641
663.027000	3644
662.875000	3640
662.722000	3622
662.570000	3616
662.418000	3640
662.265000	3645
662.113000	3621
661.961000	3608
661.808000	3591
661.656000	3615
661.504000	3630
661.351000	3616
661.199000	3618
661.047000	3620
660.894000	3607
660.742000	3591
660.590000	3621
660.438000	3632
660.285000	3593
660.133000	3596
659.981000	3622
659.828000	3630
659.676000	3614
659.524000	3634
659.371000	3601
659.219000	3574
659.067000	3612
658.914000	3590
658.762000	3571
658.610000	3591
658.457000	3634
658.305000	3642
658.153000	3576
658.000000	3573
657.848000	3614
657.696000	3620
657.543000	3615
657.391000	3584
657.239000	3569
657.086000	3583
656.934000	3595
656.782000	3616
656.629000	3627
656.477000	3653
656.325000	3625
656.172000	3615
656.020000	3653
655.868000	3607
655.715000	3592
655.563000	3611
655.411000	3621
655.258000	3610
655.106000	3592
654.954000	3615
654.801000	3662
654.649000	3660
654.497000	3650
654.344000	3588
654.192000	3604
654.040000	3610
653.887000	3625
653.735000	3639
653.583000	3616
653.430000	3637
653.278000	3700
653.126000	3684
652.973000	3686
652.821000	3669
652.669000	3627
652.516000	3638
652.364000	3652
652.212000	3640
652.059000	3648
651.907000	3640
651.755000	3658
651.602000	3665
651.450000	3660
651.298000	3665
651.145000	3658
650.993000	3618
650.841000	3621
650.688000	3664
650.536000	3654
650.384000	3672
650.231000	3658
650.079000	3653
649.927000	3636
649.774000	3662
649.622000	3668
649.470000	3651
649.317000	3648
649.165000	3664
649.013000	3691
648.860000	3658
648.708000	3667
648.556000	3676
648.403000	3637
648.251000	3689
648.099000	3659
647.946000	3642
647.794000	3680
647.642000	3683
647.489000	3694
647.337000	3659
647.185000	3681
647.032000	3708
646.880000	3684
646.728000	3638
646.575000	3631
646.423000	3696
646.271000	3704
646.118000	3723
645.966000	3740
645.814000	3696
645.661000	3677
645.509000	3716
645.357000	3673
645.204000	3669
645.052000	3678
644.900000	3707
644.747000	3722
644.595000	3728
644.443000	3714
644.290000	3705
644.138000	3716
643.986000	3685
643.833000	3680
643.681000	3665
643.529000	3687
643.376000	3688
643.224000	3746
643.072000	3714
642.919000	3671
642.767000	3715
642.615000	3715
642.462000	3670
642.310000	3681
642.158000	3694
642.005000	3679
641.853000	3668
641.701000	3710
641.548000	3734
641.396000	3746
641.244000	3722
641.091000	3700
640.939000	3662
640.787000	3681
640.634000	3693
640.482000	3682
640.330000	3704
640.177000	3759
640.025000	3715
639.873000	3712
639.720000	3717
639.568000	3721
639.416000	3693
639.263000	3699
639.111000	3741
638.959000	3726
638.806000	3717
638.654000	3714
638.502000	3724
638.349000	3712
638.197000	3698
638.045000	3686
637.892000	3699
637.740000	3726
637.588000	3694
637.435000	3671
637.283000	3745
637.131000	3756
636.979000	3748
636.826000	3756
636.674000	3763
636.521000	3687
636.369000	3701
636.217000	3751
636.065000	3717
635.912000	3738
635.760000	3773
635.608000	3763
635.455000	3766
635.303000	3762
635.151000	3743
634.998000	3768
634.846000	3732
634.694000	3709
634.541000	3769
634.389000	3760
634.237000	3754
634.084000	3748
633.932000	3734
633.780000	3773
633.627000	3750
633.475000	3708
633.323000	3723
633.170000	3755
633.018000	3742
632.866000	3738
632.713000	3775
632.561000	3794
632.409000	3781
632.256000	3720
632.104000	3723
631.952000	3721
631.799000	3723
631.647000	3725
631.495000	3716
631.342000	3730
631.190000	3720
631.038000	3738
630.885000	3785
630.733000	3768
630.581000	3729
630.428000	3721
630.276000	3747
630.124000	3748
629.971000	3715
629.819000	3748
629.667000	3770
629.514000	3764
629.362000	3780
629.210000	3776
629.057000	3727
628.905000	3717
628.753000	3696
628.600000	3720
628.448000	3765
628.296000	3750
628.143000	3747
627.991000	3767
627.839000	3772
627.686000	3792
627.534000	3755
627.382000	3724
627.229000	3767
627.077000	3794
626.925000	3774
626.772000	3756
626.620000	3797
626.468000	3808
626.315000	3794
626.163000	3757
626.011000	3713
625.858000	3760
625.706000	3778
625.554000	3787
625.401000	3768
625.249000	3768
625.097000	3782
624.944000	3777
624.792000	3785
624.640000	3812
624.487000	3780
624.335000	3714
624.183000	3774
624.030000	3821
623.878000	3824
623.726000	3803
623.573000	3813
623.421000	3831
623.269000	3782
623.116000	3802
622.964000	3779
622.812000	3782
622.659000	3790
622.507000	3810
622.355000	3790
622.202000	3776
622.050000	3774
621.898000	3795
621.745000	3813
621.593000	3812
621.441000	3791
621.288000	3748
621.136000	3779
620.984000	3780
620.831000	3761
620.679000	3778
620.527000	3802
620.374000	3836
620.222000	3835
620.070000	3783
619.917000	3791
619.765000	3813
619.613000	3794
619.460000	3788
619.308000	3800
619.156000	3815
619.003000	3789
618.851000	3772
618.699000	3800
618.546000	3774
618.394000	3794
618.242000	3840
618.089000	3828
617.937000	3783
617.785000	3801
617.632000	3793
617.480000	3792
617.328000	3784
617.175000	3828
617.023000	3799
616.871000	3836
616.718000	3812
616.566000	3752
616.414000	3781
616.261000	3776
616.109000	3777
615.957000	3802
615.804000	3829
615.652000	3841
615.500000	3840
615.347000	3824
615.195000	3778
615.043000	3817
614.890000	3840
614.738000	3846
614.586000	3822
614.433000	3830
614.281000	3808
614.129000	3787
613.976000	3777
613.824000	3800
613.672000	3804
613.519000	3792
613.367000	3815
613.215000	3835
613.063000	3828
612.910000	3815
612.758000	3779
612.606000	3774
612.453000	3810
612.301000	3826
612.149000	3829
611.996000	3787
611.844000	3818
611.692000	3833
611.539000	3845
611.387000	3884
611.235000	3853
611.082000	3821
610.930000	3812
610.778000	3813
610.625000	3828
610.473000	3801
610.321000	3817
610.168000	3811
610.016000	3841
609.864000	3837
609.711000	3801
609.559000	3780
609.407000	3786
609.254000	3800
609.102000	3863
608.950000	3889
608.797000	3885
608.645000	3840
608.493000	3852
608.340000	3828
608.188000	3829
608.036000	3889
607.883000	3869
607.731000	3862
607.579000	3860
607.426000	3870
607.274000	3883
607.122000	3843
606.969000	3819
606.817000	3837
606.665000	3806
606.512000	3848
606.360000	3875
606.208000	3839
606.055000	3796
605.903000	3838
605.751000	3883
605.598000	3868
605.446000	3856
605.294000	3828
605.141000	3813
604.989000	3823
604.837000	3826
604.684000	3811
604.532000	3829
604.380000	3855
604.227000	3836
604.075000	3820
603.923000	3850
603.770000	3894
603.618000	3859
603.466000	3841
603.313000	3853
603.161000	3831
603.009000	3825
602.856000	3870
602.704000	3865
602.552000	3856
602.399000	3860
602.247000	3852
602.095000	3830
601.942000	3855
601.790000	3856
601.638000	3879
601.485000	3886
601.333000	3873
601.181000	3912
601.028000	3891
600.876000	3871
600.724000	3878
600.571000	3871
600.419000	3850
600.267000	3857
600.114000	3872
599.962000	3859
599.810000	3846
599.657000	3822
599.505000	3828
599.353000	3881
599.200000	3830
599.048000	3826
598.896000	3827
598.743000	3839
598.591000	3862
598.439000	3883
598.286000	3881
598.134000	3873
597.982000	3855
597.829000	3859
597.677000	3836
597.525000	3887
597.372000	3855
597.220000	3823
597.068000	3846
596.915000	3868
596.763000	3869
596.611000	3855
596.458000	3862
596.306000	3886
596.154000	3831
596.001000	3826
595.849000	3864
595.697000	3873
595.544000	3885
595.392000	3885
595.240000	3900
595.087000	3925
594.935000	3905
594.783000	3875
594.630000	3863
594.478000	3861
594.326000	3858
594.173000	3853
594.021000	3889
593.869000	3897
593.716000	3879
593.564000	3873
593.412000	3880
593.259000	3880
593.107000	3848
592.955000	3834
592.802000	3843
592.650000	3880
592.498000	3907
592.345000	3884
592.193000	3900
592.041000	3873
591.888000	3914
591.736000	3895
591.584000	3875
591.431000	3911
591.279000	3868
591.127000	3869
590.974000	3931
590.822000	3913
590.670000	3898
590.517000	3904
590.365000	3907
590.213000	3851
590.060000	3884
589.908000	3896
589.756000	3876
589.603000	3896
589.451000	3913
589.299000	3883
589.146000	3877
588.994000	3900
588.842000	3886
588.689000	3869
588.537000	3908
588.385000	3882
588.233000	3840
588.080000	3828
587.928000	3855
587.776000	3911
587.623000	3896
587.471000	3873
587.319000	3867
587.166000	3895
587.014000	3900
586.862000	3892
586.709000	3887
586.557000	3879
586.405000	3870
586.252000	3886
586.100000	3885
585.948000	3896
585.795000	3850
585.643000	3859
585.491000	3859
585.338000	3880
585.186000	3886
585.034000	3904
584.881000	3878
584.729000	3890
584.577000	3890
584.424000	3881
584.272000	3887
584.120000	3891
583.967000	3866
583.815000	3889
583.663000	3919
583.510000	3912
583.358000	3880
583.206000	3886
583.053000	3899
582.901000	3927
582.749000	3880
582.596000	3865
582.444000	3896
582.292000	3895
582.139000	3868
581.987000	3910
581.835000	3888
581.682000	3831
581.530000	3853
581.378000	3874
581.225000	3852
581.073000	3879
580.921000	3877
580.768000	3862
580.616000	3839
580.464000	3844
580.311000	3848
580.159000	3831
580.007000	3869
579.854000	3846
579.702000	3862
579.550000	3911
579.397000	3865
579.245000	3808
579.093000	3879
578.940000	3894
578.788000	3866
578.636000	3881
578.483000	3886
578.331000	3812
578.179000	3809
578.026000	3859
577.874000	3878
577.722000	3868
577.569000	3849
577.417000	3865
577.265000	3872
577.112000	3875
576.960000	3882
576.810000	3860
576.660000	3864
576.510000	3857
576.360000	3883
576.210000	3883
576.060000	3835
575.910000	3881
575.760000	3929
575.610000	3901
575.460000	3905
575.311000	3851
575.161000	3855
575.011000	3885
574.861000	3863
574.711000	3888
574.561000	3926
574.411000	3890
574.261000	3875
574.111000	3871
573.961000	3882
573.811000	3865
573.661000	3824
573.511000	3843
573.361000	3834
573.211000	3868
573.061000	3875
572.911000	3874
572.761000	3895
572.611000	3883
572.461000	3860
572.312000	3840
572.162000	3847
572.012000	3838
571.862000	3852
571.712000	3861
571.562000	3849
571.412000	3849
571.262000	3850
571.112000	3871
570.962000	3840
570.812000	3852
570.662000	3886
570.512000	3874
570.362000	3896
570.212000	3887
570.062000	3911
569.912000	3919
569.762000	3908
569.612000	3891
569.462000	3839
569.312000	3845
569.163000	3839
569.013000	3855
568.863000	3851
568.713000	3874
568.563000	3882
568.413000	3875
568.263000	3889
568.113000	3897
567.963000	3844
567.813000	3840
567.663000	3864
567.513000	3870
567.363000	3829
567.213000	3796
567.063000	3849
566.913000	3859
566.763000	3848
566.613000	3855
566.463000	3857
566.313000	3871
566.164000	3843
566.014000	3873
565.864000	3871
565.714000	3868
565.564000	3880
565.414000	3880
565.264000	3895
565.114000	3884
564.964000	3865
564.814000	3862
564.664000	3886
564.514000	3857
564.364000	3872
564.214000	3856
564.064000	3847
563.914000	3850
563.764000	3847
563.614000	3849
563.464000	3866
563.314000	3907
563.164000	3878
563.015000	3846
562.865000	3885
562.715000	3896
562.565000	3901
562.415000	3900
562.265000	3858
562.115000	3831
561.965000	3787
561.815000	3868
561.665000	3919
561.515000	3841
561.365000	3868
561.215000	3832
561.065000	3857
560.915000	3867
560.765000	3889
560.615000	3892
560.465000	3861
560.315000	3787
560.165000	3844
560.015000	3891
559.866000	3886
559.716000	3872
559.566000	3882
559.416000	3828
559.266000	3864
559.116000	3891
558.966000	3834
558.816000	3840
558.666000	3856
558.516000	3907
558.366000	3844
558.216000	3831
558.066000	3826
557.916000	3824
557.766000	3837
557.616000	3836
557.466000	3862
557.316000	3849
557.166000	3854
557.016000	3838
556.866000	3812
556.717000	3859
556.567000	3874
556.417000	3827
556.267000	3869
556.117000	3924
555.967000	3925
555.817000	3876
555.667000	3855
555.517000	3885
555.367000	3863
555.217000	3892
555.067000	3893
554.917000	3875
554.767000	3860
554.617000	3878
554.467000	3857
554.317000	3870
554.167000	3867
554.017000	3894
553.867000	3890
553.718000	3877
553.568000	3892
553.418000	3910
553.268000	3884
553.118000	3888
552.968000	3850
552.818000	3811
552.668000	3863
552.518000	3870
552.368000	3815
552.218000	3865
552.068000	3928
551.918000	3933
551.768000	3864
551.618000	3866
551.468000	3881
551.318000	3857
551.168000	3895
551.018000	3849
550.868000	3840
550.718000	3836
550.569000	3836
550.419000	3848
550.269000	3830
550.119000	3827
549.969000	3844
549.819000	3851
549.669000	3852
549.519000	3863
549.369000	3862
549.219000	3868
549.069000	3843
548.919000	3812
548.769000	3851
548.619000	3855
548.469000	3865
548.319000	3891
548.169000	3857
548.019000	3819
547.869000	3814
547.719000	3853
547.570000	3857
547.420000	3839
547.270000	3865
547.120000	3864
546.970000	3860
546.820000	3857
546.670000	3853
546.520000	3901
546.370000	3907
546.220000	3838
546.070000	3835
545.923000	3824
545.777000	3809
545.630000	3818
545.484000	3852
545.337000	3898
545.191000	3850
545.044000	3843
544.897000	3887
544.751000	3909
544.604000	3868
544.458000	3821
544.311000	3821
544.164000	3811
544.018000	3843
543.871000	3866
543.725000	3841
543.578000	3871
543.432000	3903
543.285000	3910
543.138000	3862
542.992000	3823
542.845000	3835
542.699000	3823
542.552000	3861
542.405000	3880
542.259000	3853
542.112000	3881
541.966000	3860
541.819000	3851
541.673000	3846
541.526000	3839
541.379000	3832
541.233000	3820
541.086000	3859
540.940000	3870
540.793000	3839
540.646000	3805
540.500000	3842
540.353000	3864
540.207000	3839
540.060000	3806
539.914000	3816
539.767000	3812
539.620000	3847
539.474000	3864
539.327000	3857
539.181000	3850
539.034000	3834
538.887000	3806
538.741000	3793
538.594000	3825
538.448000	3869
538.301000	3846
538.155000	3794
538.008000	3800
537.861000	3820
537.715000	3852
537.568000	3822
537.422000	3804
537.275000	3791
537.128000	3838
536.982000	3861
536.835000	3828
536.689000	3817
536.542000	3843
536.396000	3848
536.249000	3819
536.102000	3789
535.956000	3806
535.809000	3808
535.663000	3777
535.516000	3843
535.369000	3858
535.223000	3862
535.076000	3868
534.930000	3882
534.783000	3865
534.637000	3866
534.490000	3855
534.343000	3840
534.197000	3841
534.050000	3841
533.904000	3804
533.757000	3804
533.610000	3811
533.464000	3829
533.317000	3822
533.171000	3821
533.024000	3816
532.878000	3823
532.731000	3829
532.584000	3830
532.438000	3823
532.291000	3841
532.145000	3821
531.998000	3801
531.851000	3845
531.705000	3862
531.558000	3805
531.412000	3808
531.265000	3773
531.119000	3768
530.972000	3809
530.825000	3812
530.679000	3840
530.532000	3872
530.386000	3895
530.239000	3880
530.093000	3814
529.946000	3820
529.799000	3797
529.653000	3810
529.506000	3852
529.360000	3858
529.213000	3848
529.066000	3810
528.920000	3839
528.773000	3833
528.627000	3818
528.480000	3832
528.334000	3832
528.187000	3820
528.040000	3863
527.894000	3827
527.747000	3826
527.601000	3816
527.454000	3830
527.307000	3816
527.161000	3827
527.014000	3825
526.868000	3826
526.721000	3808
526.575000	3823
526.428000	3855
526.281000	3843
526.135000	3847
525.988000	3799
525.842000	3813
525.695000	3824
525.548000	3824
525.402000	3797
525.255000	3835
525.109000	3833
524.962000	3791
524.816000	3836
524.669000	3885
524.522000	3847
524.376000	3794
524.229000	3814
524.083000	3811
523.936000	3814
523.789000	3800
523.643000	3817
523.496000	3857
523.350000	3826
523.203000	3809
523.057000	3802
522.910000	3815
522.763000	3834
522.617000	3856
522.470000	3852
522.324000	3830
522.177000	3841
522.030000	3839
521.884000	3842
521.737000	3836
521.591000	3822
521.444000	3820
521.298000	3841
521.151000	3805
521.004000	3846
520.858000	3923
520.711000	3868
520.565000	3856
520.418000	3870
520.271000	3828
520.125000	3793
519.978000	3829
519.832000	3829
519.685000	3788
519.539000	3823
519.392000	3830
519.245000	3830
519.099000	3830
518.952000	3801
518.806000	3767
518.659000	3768
518.513000	3785
518.366000	3811
518.219000	3819
518.073000	3806
517.926000	3829
517.780000	3812
517.633000	3787
517.486000	3822
517.340000	3803
517.193000	3747
517.047000	3776
516.900000	3808
516.754000	3800
516.607000	3790
516.460000	3800
516.314000	3820
516.167000	3783
516.021000	3817
515.874000	3811
515.727000	3772
515.581000	3776
515.434000	3796
515.288000	3832
515.141000	3803
514.995000	3799
514.848000	3816
514.701000	3795
514.555000	3800
514.408000	3745
514.262000	3760
514.115000	3791
513.968000	3788
513.822000	3762
513.675000	3811
513.529000	3805
513.382000	3791
513.236000	3848
513.089000	3843
512.942000	3776
512.796000	3777
512.649000	3784
512.503000	3788
512.356000	3759
512.209000	3784
512.063000	3768
511.916000	3824
511.770000	3863
511.623000	3821
511.477000	3736
511.330000	3741
511.183000	3747
511.037000	3769
510.890000	3765
510.744000	3757
510.597000	3735
510.450000	3766
510.304000	3783
510.157000	3773
510.011000	3751
509.864000	3770
509.718000	3753
509.571000	3768
509.424000	3773
509.278000	3748
509.131000	3773
508.985000	3804
508.838000	3772
508.691000	3762
508.545000	3793
508.398000	3795
508.252000	3780
508.105000	3750
507.959000	3725
507.812000	3740
507.665000	3759
507.519000	3740
507.372000	3736
507.226000	3724
507.079000	3737
506.932000	3761
506.786000	3737
506.639000	3712
506.493000	3740
506.346000	3724
506.200000	3744
506.053000	3743
505.906000	3748
505.760000	3745
505.613000	3739
505.467000	3726
505.320000	3741
505.173000	3717
505.027000	3720
504.880000	3733
504.734000	3765
504.587000	3759
504.441000	3776
504.294000	3750
504.147000	3755
504.001000	3707
503.854000	3696
503.708000	3745
503.561000	3742
503.415000	3725
503.268000	3733
503.121000	3755
502.975000	3739
502.828000	3709
502.682000	3710
502.535000	3724
502.388000	3712
502.242000	3741
502.095000	3740
501.949000	3741
501.802000	3750
501.656000	3740
501.509000	3710
501.362000	3676
501.216000	3680
501.069000	3692
500.923000	3697
500.776000	3740
500.629000	3763
500.483000	3734
500.336000	3734
500.190000	3744
500.043000	3684
499.897000	3673
499.750000	3659
499.603000	3683
499.457000	3687
499.310000	3686
499.164000	3719
499.017000	3699
498.870000	3688
498.724000	3699
498.577000	3716
498.431000	3703
498.284000	3694
498.138000	3703
497.991000	3678
497.844000	3671
497.698000	3674
497.551000	3689
497.405000	3712
497.258000	3707
497.111000	3650
496.965000	3657
496.818000	3689
496.672000	3692
496.525000	3683
496.379000	3681
496.232000	3672
496.085000	3663
495.939000	3682
495.792000	3700
495.646000	3653
495.499000	3659
495.352000	3700
495.206000	3678
495.059000	3675
494.913000	3653
494.766000	3662
494.620000	3713
494.473000	3729
494.326000	3718
494.180000	3654
494.033000	3683
493.887000	3695
493.740000	3675
493.593000	3666
493.447000	3665
493.300000	3663
493.154000	3650
493.007000	3667
492.861000	3656
492.714000	3641
492.567000	3639
492.421000	3682
492.274000	3652
492.128000	3663
491.981000	3680
491.834000	3663
491.688000	3645
491.541000	3659
491.395000	3635
491.248000	3612
491.102000	3627
490.955000	3615
490.808000	3635
490.662000	3668
490.515000	3666
490.369000	3649
490.222000	3661
490.076000	3644
489.929000	3623
489.782000	3631
489.636000	3585
489.489000	3606
489.343000	3639
489.196000	3664
489.049000	3656
488.903000	3661
488.756000	3649
488.610000	3657
488.463000	3635
488.317000	3617
488.170000	3597
488.023000	3622
487.877000	3623
487.730000	3618
487.584000	3614
487.437000	3580
487.290000	3610
487.144000	3611
486.997000	3574
486.851000	3635
486.704000	3647
486.558000	3632
486.411000	3588
486.264000	3628
486.118000	3676
485.971000	3639
485.825000	3618
485.678000	3629
485.531000	3624
485.385000	3648
485.238000	3612
485.092000	3578
484.945000	3632
484.799000	3660
484.652000	3636
484.505000	3626
484.359000	3637
484.212000	3635
484.066000	3633
483.919000	3630
483.772000	3646
483.626000	3662
483.479000	3660
483.333000	3688
483.186000	3697
483.040000	3698
482.893000	3682
482.746000	3652
482.600000	3653
482.453000	3629
482.307000	3644
482.160000	3668
482.013000	3620
481.867000	3606
481.720000	3624
481.574000	3674
481.427000	3649
481.281000	3572
481.134000	3568
480.987000	3615
480.841000	3604
480.694000	3605
480.548000	3637
480.401000	3653
480.254000	3621
480.108000	3640
479.961000	3667
479.815000	3641
479.668000	3624
479.522000	3627
479.375000	3649
479.228000	3652
479.082000	3637
478.935000	3644
478.789000	3633
478.642000	3677
478.495000	3621
478.349000	3614
478.202000	3647
478.056000	3628
477.909000	3621
477.763000	3603
477.616000	3630
477.469000	3631
477.323000	3672
477.176000	3682
477.030000	3626
476.883000	3650
476.736000	3656
476.590000	3655
476.443000	3654
476.297000	3665
476.150000	3621
476.004000	3643
475.857000	3688
475.710000	3657
475.564000	3627
475.417000	3649
475.271000	3634
475.124000	3633
474.978000	3608
474.831000	3648
474.684000	3662
474.538000	3654
474.391000	3694
474.245000	3678
474.098000	3633
473.951000	3661
473.805000	3680
473.658000	3687
473.512000	3662
473.365000	3675
473.219000	3686
473.072000	3713
472.925000	3711
472.779000	3673
472.632000	3662
472.486000	3696
472.339000	3705
472.192000	3710
472.046000	3714
471.899000	3708
471.753000	3705
471.606000	3684
471.460000	3696
471.313000	3663
471.166000	3678
471.020000	3720
470.873000	3719
470.727000	3719
470.580000	3762
470.433000	3755
470.287000	3734
470.140000	3716
469.994000	3689
469.847000	3703
469.701000	3741
469.554000	3759
469.407000	3755
469.261000	3739
469.114000	3757
468.968000	3738
468.821000	3732
468.674000	3724
468.528000	3729
468.381000	3716
468.235000	3761
468.088000	3735
467.942000	3765
467.795000	3789
467.648000	3770
467.502000	3769
467.355000	3815
467.209000	3815
467.062000	3798
466.915000	3763
466.769000	3738
466.622000	3735
466.476000	3736
466.329000	3773
466.183000	3811
466.036000	3797
465.889000	3805
465.743000	3818
465.596000	3793
465.450000	3816
465.303000	3780
465.156000	3793
465.010000	3797
464.863000	3817
464.717000	3819
464.570000	3841
464.424000	3835
464.277000	3818
464.130000	3817
463.984000	3832
463.837000	3808
463.691000	3821
463.544000	3819
463.397000	3817
463.251000	3835
463.104000	3883
462.958000	3887
462.811000	3849
462.665000	3809
462.518000	3810
462.371000	3791
462.225000	3782
462.078000	3792
461.932000	3847
461.785000	3876
461.639000	3886
461.492000	3879
461.345000	3918
461.199000	3884
461.052000	3925
460.906000	3932
460.759000	3882
460.612000	3935
460.466000	3940
460.319000	3912
460.173000	3946
460.026000	3936
459.880000	3945
459.733000	3912
459.586000	3977
459.440000	3975
459.293000	3965
459.147000	3971
459.000000	3977
458.853000	3953
458.707000	3980
458.560000	4023
458.414000	4016
458.267000	3994
458.121000	4049
457.974000	4059
457.827000	4027
457.681000	4085
457.534000	4096
457.388000	4084
457.241000	4069
457.094000	4017
456.948000	4004
456.801000	4046
456.655000	4094
456.508000	4129
456.362000	4085
456.215000	4094
456.068000	4099
455.922000	4149
455.775000	4152
455.629000	4099
455.482000	4142
455.335000	4217
455.189000	4176
455.042000	4157
454.896000	4161
454.749000	4173
454.603000	4148
454.456000	4104
454.309000	4118
454.163000	4200
454.016000	4128
453.870000	4126
453.723000	4124
453.576000	4134
453.430000	4133
453.283000	4144
453.137000	4151
452.990000	4120
452.844000	4127
452.697000	4136
452.550000	4131
452.404000	4130
452.257000	4114
452.111000	4106
451.964000	4117
451.817000	4126
451.671000	4093
451.524000	4129
451.378000	4148
451.231000	4104
451.085000	4057
450.938000	4095
450.791000	4109
450.645000	4086
450.498000	4090
450.352000	4072
450.205000	4070
450.058000	4060
449.912000	4037
449.765000	4010
449.619000	4010
449.472000	4057
449.326000	4033
449.179000	3980
449.032000	4009
448.886000	4008
448.739000	3974
448.593000	3954
448.446000	3968
448.300000	3951
448.153000	3924
448.006000	3910
447.860000	3904
447.713000	3934
447.567000	3919
447.420000	3927
447.273000	3973
447.127000	3898
446.980000	3876
446.834000	3860
446.687000	3864
446.541000	3866
446.394000	3832
446.247000	3819
446.101000	3859
445.954000	3870
445.808000	3827
445.661000	3838
445.514000	3857
445.368000	3817
445.221000	3789
445.075000	3788
444.928000	3787
444.782000	3791
444.635000	3778
444.488000	3764
444.342000	3784
444.195000	3777
444.049000	3808
443.902000	3781
443.755000	3741
443.609000	3759
443.462000	3741
443.316000	3758
443.169000	3781
443.023000	3755
442.876000	3798
442.729000	3781
442.583000	3681
442.436000	3700
442.290000	3707
442.143000	3716
441.996000	3729
441.850000	3706
441.703000	3715
441.557000	3744
441.410000	3733
441.264000	3672
441.117000	3657
440.970000	3681
440.824000	3696
440.677000	3714
440.531000	3688
440.384000	3638
440.237000	3642
440.091000	3700
439.944000	3709
439.798000	3694
439.651000	3644
439.505000	3660
439.358000	3681
439.211000	3661
439.065000	3676
438.918000	3705
438.772000	3700
438.625000	3705
438.478000	3673
438.332000	3653
438.185000	3641
438.039000	3639
437.892000	3641
437.746000	3610
437.599000	3618
437.452000	3651
437.306000	3687
437.159000	3668
437.013000	3649
436.866000	3617
436.719000	3627
436.573000	3621
436.426000	3627
436.280000	3621
436.133000	3643
435.987000	3615
435.840000	3613
435.697000	3627
435.554000	3624
435.411000	3581
435.268000	3572
435.125000	3613
434.982000	3652
434.839000	3645
434.696000	3627
434.553000	3591
434.410000	3607
434.267000	3592
434.124000	3576
433.981000	3587
433.838000	3649
433.695000	3656
433.552000	3611
433.409000	3602
433.265000	3613
433.122000	3616
432.979000	3625
432.836000	3632
432.693000	3589
432.550000	3543
432.407000	3551
432.264000	3581
432.121000	3586
431.978000	3563
431.835000	3580
431.692000	3597
431.549000	3587
431.406000	3582
431.263000	3583
431.120000	3545
430.977000	3552
430.834000	3553
430.691000	3567
430.548000	3584
430.405000	3592
430.262000	3598
430.119000	3578
429.976000	3569
429.833000	3566
429.690000	3570
429.547000	3570
429.404000	3557
429.261000	3552
429.118000	3574
428.975000	3623
428.832000	3606
428.689000	3574
428.546000	3586
428.403000	3547
428.260000	3530
428.117000	3543
427.973000	3576
427.830000	3571
427.687000	3582
427.544000	3589
427.401000	3580
427.258000	3584
427.115000	3536
426.972000	3528
426.829000	3557
426.686000	3547
426.543000	3549
426.400000	3547
426.257000	3563
426.114000	3570
425.971000	3554
425.828000	3543
425.685000	3557
425.542000	3526
425.399000	3538
425.256000	3513
425.113000	3537
424.970000	3574
424.827000	3553
424.684000	3527
424.541000	3543
424.398000	3564
424.255000	3575
424.112000	3524
423.969000	3518
423.826000	3538
423.683000	3543
423.540000	3538
423.397000	3536
423.254000	3544
423.111000	3566
422.968000	3539
422.825000	3537
422.681000	3545
422.538000	3499
422.395000	3502
422.252000	3500
422.109000	3546
421.966000	3540
421.823000	3526
421.680000	3503
421.537000	3532
421.394000	3537
421.251000	3517
421.108000	3517
420.965000	3512
420.822000	3486
420.679000	3486
420.536000	3532
420.393000	3542
420.250000	3530
420.107000	3547
419.964000	3513
419.821000	3511
419.678000	3502
419.535000	3480
419.392000	3484
419.249000	3487
419.106000	3491
418.963000	3511
418.820000	3527
418.677000	3542
418.534000	3534
418.391000	3528
418.248000	3493
418.105000	3488
417.962000	3518
417.819000	3518
417.676000	3496
417.532000	3517
417.389000	3528
417.246000	3516
417.103000	3516
416.960000	3515
416.817000	3534
416.674000	3537
416.531000	3539
416.388000	3515
416.245000	3496
416.102000	3498
415.959000	3492
415.816000	3481
415.673000	3510
415.530000	3519
415.387000	3527
415.244000	3509
415.101000	3519
414.958000	3525
414.815000	3535
414.672000	3517
414.529000	3482
414.386000	3497
414.243000	3518
414.100000	3525
413.957000	3501
413.814000	3492
413.671000	3493
413.528000	3526
413.385000	3516
413.242000	3507
413.099000	3534
412.956000	3499
412.813000	3494
412.670000	3509
412.527000	3524
412.383000	3520
412.240000	3518
412.097000	3536
411.954000	3529
411.811000	3545
411.668000	3545
411.525000	3473
411.382000	3478
411.239000	3498
411.096000	3506
410.953000	3492
410.810000	3499
410.667000	3518
410.524000	3501
410.381000	3496
410.238000	3509
410.095000	3499
409.952000	3482
409.809000	3480
409.666000	3487
409.523000	3518
409.380000	3510
409.237000	3521
409.094000	3560
408.951000	3523
408.808000	3471
408.665000	3473
408.522000	3484
408.379000	3522
408.236000	3543
408.093000	3545
407.950000	3503
407.807000	3479
407.664000	3493
407.521000	3504
407.378000	3485
407.235000	3498
407.091000	3496
406.948000	3499
406.805000	3517
406.662000	3530
406.519000	3504
406.376000	3512
406.233000	3519
406.090000	3526
405.947000	3539
405.804000	3519
405.661000	3477
405.518000	3476
405.375000	3523
405.232000	3512
405.089000	3509
404.946000	3520
404.803000	3522
404.660000	3511
404.521000	3488
404.382000	3478
404.243000	3503
404.104000	3485
403.965000	3478
403.826000	3497
403.687000	3510
403.549000	3511
403.410000	3507
403.271000	3488
403.132000	3461
402.993000	3500
402.854000	3511
402.715000	3530
402.576000	3522
402.437000	3540
402.298000	3540
402.159000	3509
402.020000	3520
401.881000	3467
401.742000	3443
401.603000	3495
401.464000	3498
401.326000	3488
401.187000	3480
401.048000	3518
400.909000	3513
400.770000	3511
400.631000	3490
400.492000	3474
400.353000	3519
400.214000	3496
400.075000	3488
399.936000	3522
399.797000	3518
399.658000	3511
399.519000	3494
399.380000	3496
399.241000	3497
399.103000	3486
398.964000	3534
398.825000	3518
398.686000	3518
398.547000	3503
398.408000	3505
398.269000	3532
398.130000	3530
397.991000	3499
397.852000	3512
397.713000	3481
397.574000	3477
397.435000	3480
397.296000	3502
397.157000	3510
397.019000	3501
396.880000	3493
396.741000	3481
396.602000	3512
396.463000	3553
396.324000	3503
396.185000	3454
396.046000	3468
395.907000	3479
395.768000	3484
395.629000	3465
395.490000	3443
395.351000	3482
395.212000	3528
395.073000	3508
394.934000	3522
394.796000	3508
394.657000	3495
394.518000	3476
394.379000	3470
394.240000	3508
394.101000	3541
393.962000	3515
393.823000	3486
393.684000	3472
393.545000	3509
393.406000	3511
393.267000	3508
393.128000	3508
392.989000	3505
392.850000	3536
392.711000	3518
392.573000	3510
392.434000	3542
392.295000	3525
392.156000	3506
392.017000	3504
391.878000	3504
391.739000	3486
391.600000	3464
391.461000	3477
391.322000	3497
391.183000	3518
391.044000	3527
390.905000	3490
390.766000	3509
390.627000	3519
390.489000	3509
390.350000	3478
390.211000	3468
390.072000	3491
389.933000	3493
389.794000	3481
389.655000	3490
389.516000	3495
389.377000	3521
389.238000	3523
389.099000	3505
388.960000	3528
388.821000	3468
388.682000	3484
388.543000	3509
388.404000	3506
388.266000	3457
388.127000	3477
387.988000	3509
387.849000	3474
387.710000	3515
387.571000	3514
387.432000	3509
387.293000	3528
387.154000	3536
387.015000	3518
386.876000	3478
386.737000	3505
386.598000	3504
386.459000	3480
386.320000	3471
386.181000	3507
386.043000	3481
385.904000	3469
385.765000	3527
385.626000	3528
385.487000	3496
385.348000	3505
385.209000	3503
385.070000	3503
384.931000	3507
384.792000	3515
384.653000	3534
384.514000	3533
384.375000	3517
384.236000	3519
384.097000	3482
383.959000	3451
383.820000	3472
383.681000	3508
383.542000	3519
383.403000	3507
383.264000	3547
383.125000	3536
382.986000	3517
382.847000	3521
382.708000	3521
382.569000	3519
382.430000	3495
382.291000	3484
382.152000	3478
382.013000	3466
381.874000	3489
381.736000	3508
381.597000	3512
381.458000	3491
381.319000	3463
381.180000	3463
381.041000	3506
380.902000	3502
380.763000	3504
380.624000	3517
380.485000	3509
380.346000	3490
380.207000	3494
380.068000	3486
379.929000	3454
379.790000	3457
379.651000	3483
379.513000	3491
379.374000	3479
379.235000	3466
379.096000	3469
378.957000	3476
378.818000	3499
378.679000	3468
378.540000	3493
378.401000	3517
378.262000	3518
378.123000	3535
377.984000	3549
377.845000	3540
377.706000	3510
377.567000	3521
377.429000	3520
377.290000	3458
377.151000	3489
377.012000	3495
376.873000	3488
376.734000	3518
376.595000	3525
376.456000	3512
376.317000	3513
376.178000	3523
376.039000	3520
375.900000	3474
375.761000	3485
375.622000	3525
375.483000	3523
375.344000	3498
375.206000	3509
375.067000	3527
374.928000	3518
374.789000	3514
374.650000	3498
374.511000	3494
374.372000	3460
374.233000	3465
374.094000	3493
373.955000	3516
373.816000	3506
373.677000	3508
373.538000	3521
373.399000	3506
373.260000	3465
373.121000	3486
372.983000	3508
372.844000	3490
372.705000	3479
372.566000	3498
372.427000	3519
372.288000	3524
372.149000	3511
372.010000	3547
371.871000	3490
371.732000	3466
371.593000	3478
371.454000	3519
371.315000	3528
371.176000	3526
371.037000	3512
370.899000	3490
370.760000	3518
370.621000	3526
370.482000	3465
370.343000	3455
370.204000	3483
370.065000	3498
369.926000	3499
369.787000	3520
369.648000	3525
369.509000	3505
369.370000	3474
369.231000	3484
369.092000	3458
368.953000	3478
368.814000	3509
368.676000	3519
368.537000	3516
368.398000	3494
368.259000	3509
368.120000	3496
367.981000	3464
367.842000	3436
367.703000	3468
367.564000	3467
367.425000	3478
367.286000	3511
367.147000	3532
367.008000	3512
366.869000	3488
366.730000	3495
366.591000	3514
366.453000	3494
366.314000	3486
366.175000	3472
366.036000	3464
365.897000	3475
365.758000	3496
365.619000	3501
365.480000	3498
365.342000	3505
365.203000	3515
365.065000	3487
364.926000	3515
364.788000	3518
364.650000	3474
364.511000	3505
364.373000	3523
364.235000	3493
364.096000	3478
363.958000	3512
363.819000	3506
363.681000	3447
363.543000	3465
363.404000	3500
363.266000	3498
363.127000	3512
362.989000	3517
362.851000	3518
362.712000	3502
362.574000	3480
362.435000	3490
362.297000	3499
362.159000	3502
362.020000	3495
361.882000	3572
361.744000	3544
361.605000	3484
361.467000	3494
361.328000	3467
361.190000	3492
361.052000	3476
360.913000	3479
360.775000	3517
360.636000	3526
360.498000	3494
360.360000	3537
360.221000	3521
360.083000	3502
359.945000	3533
359.806000	3474
359.668000	3447
359.529000	3469
359.391000	3479
359.253000	3486
359.114000	3496
358.976000	3483
358.837000	3472
358.699000	3492
358.561000	3500
358.422000	3468
358.284000	3453
358.146000	3469
358.007000	3490
357.869000	3476
357.730000	3457
357.592000	3511
357.454000	3548
357.315000	3525
357.177000	3493
357.038000	3463
356.900000	3481
356.762000	3501
356.623000	3499
356.485000	3523
356.347000	3554
356.208000	3503
356.070000	3465
355.931000	3480
355.793000	3515
355.655000	3493
355.516000	3518
355.378000	3508
355.239000	3481
355.101000	3480
354.963000	3499
354.824000	3526
354.686000	3530
354.547000	3520
354.409000	3518
354.271000	3452
354.132000	3491
353.994000	3463
353.856000	3469
353.717000	3476
353.579000	3503
353.440000	3510
353.302000	3494
353.164000	3490
353.025000	3505
352.887000	3478
352.748000	3479
352.610000	3458
352.472000	3499
352.333000	3491
352.195000	3467
352.057000	3491
351.918000	3497
351.780000	3521
351.641000	3507
351.503000	3458
351.365000	3478
351.226000	3480
351.088000	3505
350.949000	3504
350.811000	3483
350.673000	3459
350.534000	3471
350.396000	3485
350.258000	3503
350.119000	3477
349.981000	3480
349.842000	3486
349.704000	3505
349.566000	3509
349.427000	3502
349.289000	3516
349.150000	3517
349.012000	3494
348.874000	3468
348.735000	3486
348.597000	3508
348.458000	3512
348.320000	3486
348.182000	3493
348.043000	3502
347.905000	3496
347.767000	3491
347.628000	3489
347.490000	3494
347.351000	3514
347.213000	3506
347.075000	3501
346.936000	3513
346.798000	3484
346.659000	3488
346.521000	3510
346.383000	3520
346.244000	3527
346.106000	3488
345.968000	3478
345.829000	3463
345.691000	3512
345.552000	3554
345.414000	3535
345.276000	3499
345.137000	3547
344.999000	3532
344.860000	3523
344.722000	3501
344.584000	3516
344.445000	3513
344.307000	3498
344.169000	3490
344.030000	3466
343.892000	3497
343.753000	3516
343.615000	3503
343.477000	3521
343.338000	3506
343.200000	3499
343.061000	3481
342.923000	3543
342.785000	3517
342.646000	3501
342.508000	3530
342.370000	3507
342.231000	3493
342.093000	3497
341.954000	3494
341.816000	3514
341.678000	3502
341.539000	3489
341.401000	3496
341.262000	3506
341.124000	3520
340.986000	3536
340.847000	3512
340.709000	3482
340.570000	3468
340.432000	3449
340.294000	3469
340.155000	3481
340.017000	3489
339.879000	3517
339.740000	3498
339.602000	3520
339.463000	3537
339.325000	3488
339.187000	3488
339.048000	3495
338.910000	3508
338.771000	3516
338.633000	3499
338.495000	3533
338.356000	3532
338.218000	3519
338.080000	3498
337.941000	3473
337.803000	3469
337.664000	3463
337.526000	3489
337.388000	3503
337.249000	3499
337.111000	3516
336.972000	3511
336.834000	3484
336.696000	3490
336.557000	3480
336.419000	3507
336.281000	3531
336.142000	3549
336.004000	3548
335.865000	3518
335.727000	3482
335.589000	3491
335.450000	3521
335.312000	3501
335.173000	3474
335.035000	3475
334.897000	3466
334.758000	3452
334.620000	3502
334.481000	3524
334.343000	3517
334.205000	3518
334.066000	3505
333.928000	3490
333.790000	3469
333.651000	3484
333.513000	3503
333.374000	3508
333.236000	3494
333.098000	3475
332.959000	3508
332.821000	3515
332.682000	3514
332.544000	3503
332.406000	3506
332.267000	3536
332.129000	3499
331.991000	3492
331.852000	3524
331.714000	3506
331.575000	3503
331.437000	3513
331.299000	3494
331.160000	3481
331.022000	3496
330.883000	3491
330.745000	3508
330.607000	3510
330.468000	3541
330.330000	3521
330.192000	3507
330.053000	3521
329.915000	3515
329.776000	3489
329.638000	3486
329.500000	3483
329.361000	3474
329.223000	3519
329.084000	3509
328.946000	3495
328.808000	3496
328.669000	3498
328.531000	3488
328.392000	3506
328.254000	3471
328.116000	3479
327.977000	3528
327.839000	3565
327.701000	3521
327.562000	3486
327.424000	3513
327.285000	3497
327.147000	3443
327.009000	3466
326.870000	3502
326.732000	3489
326.593000	3477
326.455000	3549
326.317000	3518
326.178000	3450
326.040000	3500
325.902000	3540
325.763000	3503
325.625000	3489
325.486000	3516
325.348000	3545
325.210000	3535
325.071000	3503
324.933000	3488
324.794000	3511
324.656000	3517
324.518000	3527
324.379000	3494
324.241000	3474
324.103000	3494
323.964000	3509
323.826000	3505
323.687000	3501
323.549000	3503
323.411000	3520
323.272000	3527
323.134000	3495
322.995000	3536
322.857000	3536
322.719000	3506
322.580000	3485
322.442000	3492
322.303000	3488
322.165000	3484
322.027000	3472
321.888000	3472
321.750000	3487
321.612000	3488
321.473000	3506
321.335000	3518
321.196000	3506
321.058000	3508
320.920000	3523
320.781000	3512
320.643000	3475
320.504000	3496
320.366000	3474
320.228000	3493
320.089000	3464
319.951000	3437
319.813000	3490
319.674000	3545
319.536000	3526
319.397000	3498
319.259000	3489
319.121000	3521
318.982000	3509
318.844000	3495
318.705000	3514
318.567000	3512
318.429000	3518
318.290000	3528
318.152000	3530
318.014000	3516
317.875000	3495
317.737000	3493
317.598000	3491
317.460000	3506
317.322000	3492
317.183000	3493
317.045000	3490
316.906000	3508
316.768000	3505
316.630000	3496
316.491000	3506
316.353000	3504
316.214000	3474
316.076000	3454
315.938000	3484
315.799000	3500
315.661000	3502
315.523000	3499
315.384000	3494
315.246000	3492
315.107000	3484
314.969000	3430
314.831000	3459
314.692000	3503
314.554000	3519
314.415000	3487
314.277000	3516
314.139000	3498
314.000000	3466
313.862000	3474
313.724000	3502
313.585000	3485
313.447000	3499
313.308000	3490
313.170000	3500
313.036000	3495
312.902000	3479
312.768000	3468
312.634000	3494
312.500000	3503
312.366000	3505
312.232000	3497
312.098000	3490
311.964000	3482
311.829000	3497
311.695000	3494
311.561000	3494
311.427000	3496
311.293000	3486
311.159000	3503
311.025000	3495
310.891000	3496
310.757000	3511
310.623000	3479
310.489000	3484
310.355000	3500
310.221000	3483
310.087000	3493
309.953000	3471
309.819000	3484
309.685000	3488
309.551000	3461
309.416000	3472
309.282000	3494
309.148000	3523
309.014000	3515
308.880000	3511
308.746000	3504
308.612000	3496
308.478000	3530
308.344000	3505
308.210000	3476
308.076000	3478
307.942000	3505
307.808000	3520
307.674000	3519
307.540000	3501
307.406000	3500
307.272000	3505
307.138000	3523
307.004000	3525
306.869000	3512
306.735000	3434
306.601000	3484
306.467000	3513
306.333000	3487
306.199000	3497
306.065000	3533
305.931000	3529
305.797000	3508
305.663000	3462
305.529000	3464
305.395000	3499
305.261000	3518
305.127000	3530
304.993000	3532
304.859000	3508
304.725000	3500
304.591000	3549
304.456000	3518
304.322000	3470
304.188000	3502
304.054000	3505
303.920000	3495
303.786000	3497
303.652000	3514
303.518000	3513
303.384000	3500
303.250000	3489
303.116000	3467
302.982000	3433
302.848000	3449
302.714000	3497
302.580000	3487
302.446000	3520
302.312000	3519
302.178000	3496
302.044000	3498
301.909000	3480
301.775000	3444
301.641000	3479
301.507000	3474
301.373000	3446
301.239000	3475
301.105000	3495
300.971000	3501
300.837000	3480
300.703000	3479
300.569000	3479
300.435000	3450
300.301000	3473
300.167000	3479
300.033000	3472
299.899000	3500
299.765000	3500
299.631000	3479
299.496000	3499
299.362000	3530
299.228000	3514
299.094000	3452
298.960000	3526
298.826000	3516
298.692000	3469
298.558000	3461
298.424000	3481
298.290000	3491
298.156000	3484
298.022000	3483
297.888000	3503
297.754000	3468
297.620000	3486
297.486000	3512
297.352000	3519
297.218000	3507
297.084000	3530
296.949000	3538
296.815000	3497
296.681000	3522
296.547000	3518
296.413000	3473
296.279000	3486
296.145000	3498
296.011000	3521
295.877000	3549
295.743000	3506
295.609000	3553
295.475000	3536
295.341000	3483
295.207000	3494
295.073000	3507
294.939000	3505
294.805000	3491
294.671000	3459
294.536000	3484
294.402000	3487
294.268000	3505
294.134000	3511
294.000000	3536
293.866000	3475
293.732000	3456
293.598000	3496
293.464000	3499
293.330000	3523
293.196000	3520
293.062000	3492
292.928000	3495
292.794000	3520
292.660000	3486
292.526000	3467
292.392000	3506
292.258000	3492
292.124000	3505
291.989000	3510
291.855000	3515
291.721000	3520
291.587000	3563
291.453000	3504
291.319000	3473
291.185000	3437
291.051000	3436
290.917000	3451
290.783000	3463
290.649000	3487
290.515000	3520
290.381000	3534
290.247000	3518
290.113000	3523
289.979000	3467
289.845000	3468
289.711000	3482
289.576000	3472
289.442000	3506
289.308000	3492
289.174000	3493
289.040000	3529
288.906000	3508
288.772000	3515
288.638000	3508
288.504000	3487
288.370000	3481
288.236000	3475
288.102000	3476
287.968000	3554
287.834000	3553
287.700000	3513
287.566000	3519
287.432000	3506
287.298000	3489
287.164000	3491
287.029000	3510
286.895000	3506
286.761000	3493
286.627000	3502
286.493000	3506
286.359000	3506
286.225000	3530
286.091000	3517
285.957000	3456
285.823000	3466
285.689000	3482
285.555000	3485
285.421000	3459
285.287000	3484
285.153000	3496
285.019000	3525
284.885000	3557
284.751000	3529
284.616000	3472
284.482000	3500
284.348000	3479
284.214000	3493
284.080000	3527
283.946000	3533
283.812000	3521
283.678000	3542
283.544000	3550
283.410000	3487
283.276000	3504
283.142000	3487
283.008000	3478
282.874000	3509
282.740000	3519
282.606000	3520
282.472000	3508
282.338000	3493
282.204000	3492
282.069000	3498
281.935000	3509
281.801000	3496
281.667000	3518
281.533000	3506
281.399000	3535
281.265000	3509
281.131000	3495
280.997000	3518
280.863000	3502
280.729000	3456
280.595000	3502
280.461000	3496
280.327000	3514
280.193000	3557
280.059000	3550
279.925000	3501
279.791000	3470
279.656000	3505
279.522000	3531
279.388000	3478
279.254000	3457
279.120000	3473
278.986000	3556
278.852000	3546
278.718000	3503
278.584000	3497
278.450000	3505
278.316000	3457
278.182000	3489
278.048000	3492
277.914000	3493
277.780000	3487
277.646000	3492
277.512000	3502
277.378000	3496
277.244000	3509
277.109000	3493
276.975000	3503
276.841000	3502
276.707000	3472
276.573000	3464
276.439000	3470
276.305000	3492
276.171000	3517
276.037000	3484
275.903000	3500
275.769000	3518
275.635000	3539
275.501000	3514
275.367000	3507
275.233000	3506
275.099000	3511
274.965000	3481
274.831000	3464
274.696000	3517
274.562000	3501
274.428000	3495
274.294000	3466
274.160000	3454
274.026000	3480
273.892000	3482
273.758000	3494
273.624000	3489
273.490000	3502
273.356000	3483
273.222000	3490
273.088000	3489
272.954000	3463
272.820000	3464
272.686000	3482
272.552000	3468
272.418000	3469
272.284000	3503
272.149000	3507
272.015000	3521
271.881000	3549
271.747000	3518
271.613000	3516
271.479000	3513
271.345000	3461
271.211000	3450
271.077000	3463
270.943000	3505
270.809000	3533
270.675000	3514
270.541000	3508
270.407000	3536
270.273000	3493
270.139000	3471
270.005000	3471
269.871000	3448
269.736000	3487
269.602000	3491
269.468000	3488
269.334000	3503
269.200000	3510
269.066000	3493
268.932000	3478
268.798000	3509
268.664000	3467
268.530000	3469
268.396000	3513
268.262000	3509
268.128000	3475
267.994000	3471
267.860000	3524
267.726000	3540
267.592000	3505
267.458000	3478
267.324000	3497
267.189000	3472
267.055000	3462
266.921000	3537
266.787000	3544
266.653000	3482
266.519000	3498
266.385000	3501
266.251000	3458
266.117000	3445
265.983000	3484
265.849000	3483
265.715000	3487
265.581000	3514
265.447000	3547
265.313000	3516
265.179000	3483
265.045000	3480
264.911000	3465
264.776000	3492
264.642000	3496
264.508000	3496
264.374000	3494
264.240000	3475
264.106000	3449
263.972000	3487
263.838000	3496
263.704000	3472
263.570000	3476
263.436000	3490
263.302000	3497
263.168000	3502
263.034000	3503
262.900000	3464
262.766000	3488
262.632000	3518
262.498000	3497
262.364000	3474
262.229000	3496
262.095000	3506
261.961000	3500
261.827000	3481
261.693000	3477
261.559000	3497
261.425000	3508
261.291000	3529
261.157000	3544
261.023000	3514
260.889000	3491
260.755000	3487
260.621000	3505
260.487000	3524
260.353000	3529
260.219000	3490
260.085000	3482
259.951000	3490
259.816000	3503
259.682000	3489
259.548000	3484
259.414000	3492
259.280000	3506
259.146000	3519
259.012000	3514
258.878000	3496
258.744000	3520
258.610000	3526
258.476000	3470
258.342000	3413
258.208000	3428
258.074000	3445
257.940000	3471
257.806000	3496
257.672000	3476
257.538000	3483
257.404000	3503
257.269000	3470
257.135000	3456
257.001000	3456
256.867000	3441
256.733000	3465
256.599000	3482
256.465000	3500
256.331000	3506
256.197000	3526
256.063000	3505
255.929000	3478
255.795000	3478
255.661000	3480
255.527000	3477
255.393000	3495
255.259000	3494
255.125000	3504
254.991000	3523
254.856000	3499
254.722000	3463
254.588000	3486
254.454000	3496
254.320000	3476
254.186000	3481
254.052000	3486
253.918000	3485
253.784000	3507
253.650000	3517
253.518000	3505
253.385000	3493
253.253000	3488
253.120000	3462
252.988000	3458
252.856000	3488
252.723000	3567
252.591000	3522
252.458000	3493
252.326000	3496
252.193000	3500
252.061000	3528
251.929000	3513
251.796000	3496
251.664000	3539
251.531000	3520
251.399000	3509
251.267000	3517
251.134000	3526
251.002000	3501
250.869000	3478
250.737000	3510
250.605000	3488
250.472000	3511
250.340000	3508
250.207000	3487
250.075000	3489
249.943000	3502
249.810000	3543
249.678000	3526
249.545000	3480
249.413000	3456
249.280000	3466
249.148000	3500
249.016000	3475
248.883000	3463
248.751000	3457
248.618000	3465
248.486000	3507
248.354000	3515
248.221000	3514
248.089000	3471
247.956000	3461
247.824000	3493
247.692000	3500
247.559000	3467
247.427000	3457
247.294000	3491
247.162000	3520
247.029000	3509
246.897000	3508
246.765000	3487
246.632000	3453
246.500000	3441
246.367000	3463
246.235000	3527
246.103000	3510
245.970000	3465
245.838000	3487
245.705000	3494
245.573000	3488
245.441000	3483
245.308000	3468
245.176000	3477
245.043000	3474
244.911000	3449
244.779000	3486
244.646000	3493
244.514000	3488
244.381000	3487
244.249000	3494
244.116000	3475
243.984000	3499
243.852000	3500
243.719000	3482
243.587000	3474
243.454000	3484
243.322000	3535
243.190000	3521
243.057000	3516
242.925000	3510
242.792000	3446
242.660000	3497
242.528000	3499
242.395000	3475
242.263000	3515
242.130000	3500
241.998000	3491
241.865000	3489
241.733000	3517
241.601000	3528
241.468000	3512
241.336000	3480
241.203000	3487
241.071000	3483
240.939000	3484
240.806000	3510
240.674000	3503
240.541000	3491
240.409000	3469
240.277000	3460
240.144000	3469
240.012000	3477
239.879000	3455
239.747000	3477
239.614000	3480
239.482000	3464
239.350000	3485
239.217000	3506
239.085000	3515
238.952000	3497
238.820000	3493
238.688000	3524
238.555000	3512
238.423000	3498
238.290000	3545
238.158000	3526
238.026000	3495
237.893000	3499
237.761000	3501
237.628000	3463
237.496000	3480
237.364000	3493
237.231000	3471
237.099000	3475
236.966000	3499
236.834000	3507
236.701000	3475
236.569000	3465
236.437000	3493
236.304000	3479
236.172000	3505
236.039000	3502
235.907000	3496
235.775000	3472
235.642000	3498
235.510000	3497
235.377000	3523
235.245000	3550
235.113000	3516
234.980000	3498
234.848000	3495
234.715000	3508
234.583000	3461
234.450000	3490
234.318000	3514
234.186000	3486
234.053000	3523
233.921000	3516
233.788000	3529
233.656000	3502
233.524000	3496
233.391000	3475
233.259000	3461
233.126000	3464
232.994000	3483
232.862000	3503
232.729000	3533
232.597000	3497
232.464000	3500
232.332000	3472
232.200000	3466
232.067000	3496
231.935000	3502
231.802000	3509
231.670000	3512
231.537000	3493
231.405000	3485
231.273000	3498
231.140000	3515
231.008000	3511
230.875000	3513
230.743000	3506
230.611000	3473
230.478000	3456
230.346000	3458
230.213000	3508
230.081000	3476
229.949000	3512
229.816000	3510
229.684000	3464
229.551000	3470
229.419000	3485
229.286000	3487
229.154000	3491
229.022000	3500
228.889000	3505
228.757000	3504
228.624000	3501
228.492000	3491
228.360000	3480
228.227000	3474
228.095000	3481
227.962000	3484
227.830000	3505
227.698000	3520
227.565000	3524
227.433000	3537
227.300000	3505
227.168000	3469
227.036000	3441
226.903000	3440
226.771000	3458
226.638000	3461
226.506000	3471
226.373000	3492
226.241000	3510
226.109000	3492
225.976000	3456
225.844000	3501
225.711000	3486
225.579000	3476
225.447000	3510
225.314000	3499
225.182000	3474
225.049000	3486
224.917000	3519
224.785000	3511
224.652000	3455
224.520000	3472
224.387000	3470
224.255000	3485
224.122000	3484
223.990000	3516
223.858000	3534
223.725000	3517
223.593000	3473
223.460000	3470
223.328000	3468
223.196000	3475
223.063000	3469
222.931000	3478
222.798000	3475
222.666000	3455
222.534000	3504
222.401000	3494
222.269000	3480
222.136000	3514
222.004000	3477
221.871000	3504
221.739000	3478
221.607000	3481
221.474000	3478
221.342000	3460
221.209000	3498
221.077000	3512
220.945000	3509
220.812000	3507
220.680000	3505
220.547000	3509
220.415000	3485
220.283000	3458
220.150000	3486
220.018000	3494
219.885000	3511
219.753000	3504
219.621000	3482
219.488000	3500
219.356000	3505
219.223000	3476
219.091000	3494
218.958000	3550
218.826000	3561
218.694000	3553
218.561000	3538
218.429000	3496
218.296000	3488
218.164000	3470
218.032000	3513
217.899000	3483
217.767000	3448
217.634000	3492
217.502000	3496
217.370000	3507
217.237000	3511
217.105000	3486
216.972000	3477
216.840000	3442
216.707000	3441
216.575000	3461
216.443000	3505
216.310000	3500
216.178000	3526
216.045000	3537
215.913000	3516
215.781000	3501
215.648000	3531
215.516000	3499
215.383000	3476
215.251000	3473
215.119000	3489
214.986000	3500
214.854000	3483
214.721000	3484
214.589000	3511
214.457000	3497
214.324000	3493
214.192000	3507
214.059000	3497
213.927000	3476
213.794000	3485
213.662000	3498
213.530000	3519
213.397000	3531
213.265000	3514
213.132000	3518
213.000000	3516
212.868000	3497
212.735000	3500
212.603000	3494
212.470000	3492
212.338000	3491
212.206000	3509
212.073000	3488
211.941000	3493
211.808000	3507
211.676000	3471
211.543000	3431
211.411000	3461
211.279000	3480
211.146000	3491
211.014000	3502
210.881000	3502
210.749000	3491
210.617000	3487
210.484000	3449
210.352000	3444
210.219000	3493
210.087000	3501
209.955000	3457
209.822000	3431
209.690000	3477
209.557000	3498
209.425000	3486
209.292000	3516
209.160000	3521
209.028000	3484
208.895000	3485
208.763000	3512
208.630000	3524
208.498000	3521
208.366000	3508
208.233000	3474
208.101000	3503
207.968000	3497
207.836000	3516
207.704000	3488
207.571000	3455
207.439000	3461
207.306000	3477
207.174000	3513
207.042000	3522
206.909000	3517
206.777000	3524
206.644000	3551
206.512000	3523
206.379000	3512
206.247000	3532
206.115000	3492
205.982000	3500
205.850000	3505
205.717000	3476
205.585000	3516
205.453000	3541
205.320000	3537
205.188000	3489
205.055000	3471
204.923000	3467
204.791000	3485
204.658000	3502
204.526000	3523
204.393000	3502
204.261000	3484
204.128000	3490
203.996000	3490
203.864000	3452
203.731000	3452
203.599000	3482
203.466000	3491
203.334000	3464
203.202000	3468
203.069000	3497
202.937000	3504
202.804000	3490
202.672000	3500
202.540000	3476
202.407000	3502
202.275000	3503
202.142000	3493
202.010000	3512
201.878000	3540
201.745000	3512
201.613000	3497
201.480000	3512
201.348000	3536
201.215000	3479
201.083000	3480
200.951000	3486
200.818000	3504
200.686000	3506
200.553000	3531
200.421000	3543
200.289000	3539
200.156000	3553
200.024000	3492
199.891000	3511
199.759000	3519
199.627000	3494
199.494000	3510
199.362000	3495
199.229000	3486
199.097000	3527
198.964000	3530
198.832000	3495
198.700000	3466
198.567000	3486
198.435000	3528
198.302000	3500
198.170000	3502
198.038000	3498
197.905000	3492
