wavelength_nm	intensity
721.892000	3506
721.735000	3538
721.577000	3549
721.420000	3516
721.262000	3476
721.105000	3483
720.948000	3511
720.790000	3507
720.633000	3534
720.475000	3531
720.318000	3499
720.160000	3516
720.003000	3489
719.845000	3432
719.688000	3489
719.530000	3485
719.373000	3498
719.215000	3501
719.058000	3514
718.900000	3528
718.743000	3526
718.586000	3521
718.428000	3516
718.271000	3505
718.113000	3524
717.956000	3542
717.798000	3539
717.641000	3529
717.483000	3551
717.326000	3515
717.168000	3480
717.011000	3484
716.853000	3549
716.696000	3514
716.538000	3475
716.381000	3472
716.223000	3490
716.066000	3487
715.909000	3497
715.751000	3504
715.594000	3521
715.436000	3532
715.279000	3514
715.121000	3493
714.964000	3466
714.806000	3515
714.649000	3531
714.491000	3530
714.334000	3527
714.176000	3482
714.019000	3457
713.861000	3491
713.704000	3528
713.547000	3499
713.389000	3507
713.232000	3496
713.074000	3493
712.917000	3532
712.759000	3547
712.602000	3542
712.444000	3535
712.287000	3531
712.129000	3473
711.972000	3501
711.814000	3495
711.657000	3490
711.499000	3502
711.342000	3521
711.185000	3524
711.027000	3480
710.870000	3464
710.712000	3485
710.555000	3524
710.397000	3548
710.240000	3524
710.082000	3485
709.925000	3464
709.767000	3513
709.610000	3510
709.452000	3532
709.295000	3537
709.137000	3529
708.980000	3508
708.822000	3485
708.665000	3526
708.508000	3579
708.350000	3551
708.193000	3522
708.035000	3498
707.878000	3511
707.720000	3507
707.563000	3480
707.405000	3491
707.248000	3496
707.090000	3523
706.933000	3536
706.775000	3542
706.618000	3524
706.460000	3507
706.303000	3511
706.146000	3520
705.988000	3521
705.831000	3526
705.673000	3511
705.516000	3514
705.358000	3497
705.201000	3493
705.043000	3527
704.886000	3538
704.728000	3543
704.571000	3520
704.413000	3487
704.256000	3501
704.098000	3516
703.941000	3520
703.784000	3509
703.626000	3481
703.469000	3518
703.311000	3551
703.154000	3527
702.996000	3528
702.839000	3500
702.681000	3524
702.524000	3517
702.366000	3521
702.209000	3537
702.051000	3542
701.894000	3552
701.736000	3560
701.579000	3546
701.422000	3547
701.264000	3528
701.107000	3517
700.949000	3541
700.792000	3573
700.634000	3564
700.477000	3531
700.319000	3495
700.162000	3481
700.004000	3515
699.847000	3523
699.689000	3532
699.532000	3550
699.374000	3531
699.217000	3549
699.059000	3542
698.902000	3536
698.745000	3527
698.587000	3504
698.430000	3496
698.272000	3516
698.115000	3538
697.957000	3524
697.800000	3515
697.642000	3525
697.485000	3537
697.327000	3567
697.170000	3523
697.012000	3501
696.855000	3504
696.697000	3494
696.540000	3493
696.388000	3501
696.235000	3517
696.083000	3565
695.931000	3556
695.778000	3489
695.626000	3554
695.474000	3553
695.321000	3531
695.169000	3510
695.017000	3501
694.864000	3509
694.712000	3530
694.560000	3532
694.407000	3542
694.255000	3584
694.103000	3580
693.950000	3534
693.798000	3532
693.646000	3493
693.493000	3507
693.341000	3554
693.189000	3516
693.036000	3510
692.884000	3512
692.732000	3515
692.579000	3539
692.427000	3550
692.275000	3520
692.122000	3471
691.970000	3488
691.818000	3500
691.665000	3488
691.513000	3493
691.361000	3520
691.208000	3543
691.056000	3521
690.904000	3532
690.751000	3518
690.599000	3530
690.447000	3511
690.294000	3521
690.142000	3520
689.990000	3526
689.837000	3539
689.685000	3513
689.533000	3516
689.380000	3556
689.228000	3513
689.076000	3491
688.923000	3517
688.771000	3523
688.619000	3539
688.466000	3532
688.314000	3532
688.162000	3547
688.009000	3549
687.857000	3545
687.705000	3489
687.552000	3524
687.400000	3525
687.248000	3560
687.095000	3542
686.943000	3542
686.791000	3544
686.638000	3564
686.486000	3552
686.334000	3577
686.181000	3499
686.029000	3505
685.877000	3523
685.724000	3521
685.572000	3556
685.420000	3515
685.267000	3492
685.115000	3491
684.963000	3523
684.811000	3540
684.658000	3514
684.506000	3521
684.354000	3483
684.201000	3464
684.049000	3491
683.897000	3499
683.744000	3528
683.592000	3579
683.440000	3557
683.287000	3532
683.135000	3570
682.983000	3557
682.830000	3523
682.678000	3548
682.526000	3528
682.373000	3499
682.221000	3499
682.069000	3530
681.916000	3572
681.764000	3499
681.612000	3487
681.459000	3532
681.307000	3559
681.155000	3542
681.002000	3544
680.850000	3544
680.698000	3557
680.545000	3561
680.393000	3541
680.241000	3486
680.088000	3498
679.936000	3553
679.784000	3547
679.631000	3534
679.479000	3562
679.327000	3567
679.174000	3565
679.022000	3535
678.870000	3525
678.717000	3559
678.565000	3585
678.413000	3566
678.260000	3537
678.108000	3532
677.956000	3535
677.803000	3536
677.651000	3573
677.499000	3563
677.346000	3527
677.194000	3542
677.042000	3516
676.889000	3511
676.737000	3520
676.585000	3545
676.432000	3574
676.280000	3552
676.128000	3527
675.975000	3537
675.823000	3535
675.671000	3556
675.518000	3562
675.366000	3543
675.214000	3504
675.061000	3521
674.909000	3569
674.757000	3581
674.604000	3563
674.452000	3570
674.300000	3546
674.147000	3544
673.995000	3532
673.843000	3553
673.690000	3559
673.538000	3528
673.386000	3569
673.233000	3590
673.081000	3590
672.929000	3585
672.776000	3568
672.624000	3547
672.472000	3556
672.319000	3590
672.167000	3564
672.015000	3568
671.862000	3574
671.710000	3574
671.558000	3571
671.405000	3577
671.253000	3565
671.101000	3565
670.948000	3541
670.796000	3552
670.644000	3569
670.491000	3581
670.339000	3566
670.187000	3567
670.034000	3559
669.882000	3582
669.730000	3596
669.577000	3579
669.425000	3569
669.273000	3580
669.120000	3598
668.968000	3559
668.816000	3557
668.663000	3551
668.511000	3577
668.359000	3567
668.206000	3578
668.054000	3566
667.902000	3584
667.749000	3608
667.597000	3596
667.445000	3553
667.292000	3564
667.140000	3569
666.988000	3579
666.835000	3562
666.683000	3561
666.531000	3576
666.378000	3590
666.226000	3621
666.074000	3588
665.921000	3537
665.769000	3580
665.617000	3584
665.464000	3582
665.312000	3558
665.160000	3563
665.007000	3545
664.855000	3504
664.703000	3562
664.550000	3590
664.398000	3601
664.246000	3612
664.093000	3563
663.941000	3534
663.789000	3494
663.636000	3510
663.484000	3549
663.332000	3557
663.179000	3548
663.027000	3547
662.875000	3578
662.722000	3608
662.570000	3544
662.418000	3540
662.265000	3548
662.113000	3557
661.961000	3585
661.808000	3572
661.656000	3559
661.504000	3551
661.351000	3559
661.199000	3574
661.047000	3606
660.894000	3553
660.742000	3537
660.590000	3559
660.438000	3574
660.285000	3529
660.133000	3512
659.981000	3562
659.828000	3586
659.676000	3567
659.524000	3583
659.371000	3532
659.219000	3551
659.067000	3570
658.914000	3535
658.762000	3496
658.610000	3521
658.457000	3524
658.305000	3554
658.153000	3543
658.000000	3541
657.848000	3523
657.696000	3506
657.543000	3517
657.391000	3524
657.239000	3540
657.086000	3553
656.934000	3559
656.782000	3546
656.629000	3554
656.477000	3546
656.325000	3525
656.172000	3543
656.020000	3543
655.868000	3558
655.715000	3573
655.563000	3546
655.411000	3578
655.258000	3591
655.106000	3575
654.954000	3574
654.801000	3576
654.649000	3564
654.497000	3594
654.344000	3599
654.192000	3588
654.040000	3577
653.887000	3564
653.735000	3580
653.583000	3575
653.430000	3568
653.278000	3552
653.126000	3539
652.973000	3536
652.821000	3563
652.669000	3582
652.516000	3572
652.364000	3558
652.212000	3577
652.059000	3637
651.907000	3557
651.755000	3516
651.602000	3544
651.450000	3553
651.298000	3574
651.145000	3597
650.993000	3562
650.841000	3550
650.688000	3564
650.536000	3614
650.384000	3549
650.231000	3538
650.079000	3585
649.927000	3553
649.774000	3538
649.622000	3572
649.470000	3577
649.317000	3580
649.165000	3576
649.013000	3574
648.860000	3540
648.708000	3544
648.556000	3569
648.403000	3584
648.251000	3583
648.099000	3591
647.946000	3577
647.794000	3555
647.642000	3607
647.489000	3611
647.337000	3551
647.185000	3537
647.032000	3550
646.880000	3572
646.728000	3545
646.575000	3548
646.423000	3577
646.271000	3560
646.118000	3559
645.966000	3565
645.814000	3588
645.661000	3592
645.509000	3575
645.357000	3564
645.204000	3580
645.052000	3565
644.900000	3605
644.747000	3609
644.595000	3597
644.443000	3590
644.290000	3576
644.138000	3581
643.986000	3601
643.833000	3628
643.681000	3625
643.529000	3585
643.376000	3575
643.224000	3598
643.072000	3631
642.919000	3598
642.767000	3598
642.615000	3575
642.462000	3604
642.310000	3580
642.158000	3537
642.005000	3557
641.853000	3596
641.701000	3582
641.548000	3607
641.396000	3556
641.244000	3568
641.091000	3621
640.939000	3608
640.787000	3595
640.634000	3612
640.482000	3594
640.330000	3591
640.177000	3618
640.025000	3613
639.873000	3568
639.720000	3585
639.568000	3598
639.416000	3606
639.263000	3639
639.111000	3639
638.959000	3594
638.806000	3602
638.654000	3575
638.502000	3574
638.349000	3603
638.197000	3613
638.045000	3622
637.892000	3595
637.740000	3614
637.588000	3576
637.435000	3586
637.283000	3632
637.131000	3618
636.979000	3593
636.826000	3588
636.674000	3570
636.521000	3563
636.369000	3568
636.217000	3559
636.065000	3559
635.912000	3585
635.760000	3590
635.608000	3592
635.455000	3573
635.303000	3570
635.151000	3598
634.998000	3608
634.846000	3584
634.694000	3613
634.541000	3662
634.389000	3676
634.237000	3625
634.084000	3613
633.932000	3592
633.780000	3595
633.627000	3606
633.475000	3596
633.323000	3629
633.170000	3618
633.018000	3633
632.866000	3619
632.713000	3606
632.561000	3598
632.409000	3607
632.256000	3604
632.104000	3602
631.952000	3588
631.799000	3584
631.647000	3554
631.495000	3630
631.342000	3637
631.190000	3625
631.038000	3615
630.885000	3605
630.733000	3613
630.581000	3633
630.428000	3644
630.276000	3652
630.124000	3637
629.971000	3597
629.819000	3590
629.667000	3626
629.514000	3578
629.362000	3595
629.210000	3593
629.057000	3603
628.905000	3581
628.753000	3595
628.600000	3631
628.448000	3637
628.296000	3620
628.143000	3609
627.991000	3549
627.839000	3567
627.686000	3607
627.534000	3576
627.382000	3601
627.229000	3617
627.077000	3620
626.925000	3632
626.772000	3634
626.620000	3597
626.468000	3562
626.315000	3564
626.163000	3580
626.011000	3596
625.858000	3583
625.706000	3623
625.554000	3645
625.401000	3604
625.249000	3606
625.097000	3633
624.944000	3621
624.792000	3588
624.640000	3604
624.487000	3624
624.335000	3658
624.183000	3629
624.030000	3599
623.878000	3632
623.726000	3624
623.573000	3610
623.421000	3597
623.269000	3621
623.116000	3606
622.964000	3576
622.812000	3615
622.659000	3623
622.507000	3645
622.355000	3619
622.202000	3579
622.050000	3571
621.898000	3610
621.745000	3570
621.593000	3565
621.441000	3646
621.288000	3633
621.136000	3627
620.984000	3638
620.831000	3623
620.679000	3625
620.527000	3596
620.374000	3565
620.222000	3601
620.070000	3625
619.917000	3614
619.765000	3616
619.613000	3615
619.460000	3598
619.308000	3595
619.156000	3620
619.003000	3600
618.851000	3623
618.699000	3639
618.546000	3623
618.394000	3628
618.242000	3630
618.089000	3666
617.937000	3673
617.785000	3634
617.632000	3634
617.480000	3596
617.328000	3627
617.175000	3644
617.023000	3583
616.871000	3618
616.718000	3606
616.566000	3600
616.414000	3614
616.261000	3602
616.109000	3573
615.957000	3579
615.804000	3603
615.652000	3661
615.500000	3689
615.347000	3624
615.195000	3634
615.043000	3610
614.890000	3624
614.738000	3633
614.586000	3574
614.433000	3608
614.281000	3595
614.129000	3593
613.976000	3599
613.824000	3626
613.672000	3637
613.519000	3638
613.367000	3628
613.215000	3632
613.063000	3622
612.910000	3605
612.758000	3591
612.606000	3612
612.453000	3626
612.301000	3609
612.149000	3595
611.996000	3634
611.844000	3661
611.692000	3649
611.539000	3646
611.387000	3644
611.235000	3625
611.082000	3638
610.930000	3613
610.778000	3633
610.625000	3654
610.473000	3640
610.321000	3629
610.168000	3630
610.016000	3631
609.864000	3625
609.711000	3648
609.559000	3630
609.407000	3593
609.254000	3606
609.102000	3655
608.950000	3654
608.797000	3660
608.645000	3595
608.493000	3585
608.340000	3631
608.188000	3631
608.036000	3648
607.883000	3641
607.731000	3643
607.579000	3624
607.426000	3635
607.274000	3668
607.122000	3616
606.969000	3595
606.817000	3599
606.665000	3627
606.512000	3631
606.360000	3639
606.208000	3628
606.055000	3644
605.903000	3628
605.751000	3645
605.598000	3648
605.446000	3634
605.294000	3606
605.141000	3641
604.989000	3674
604.837000	3666
604.684000	3615
604.532000	3625
604.380000	3635
604.227000	3624
604.075000	3592
603.923000	3615
603.770000	3624
603.618000	3635
603.466000	3644
603.313000	3661
603.161000	3668
603.009000	3647
602.856000	3632
602.704000	3655
602.552000	3637
602.399000	3643
602.247000	3656
602.095000	3660
601.942000	3650
601.790000	3634
601.638000	3685
601.485000	3675
601.333000	3666
601.181000	3664
601.028000	3600
600.876000	3595
600.724000	3634
600.571000	3635
600.419000	3636
600.267000	3629
600.114000	3615
599.962000	3623
599.810000	3661
599.657000	3637
599.505000	3625
599.353000	3636
599.200000	3642
599.048000	3640
598.896000	3603
598.743000	3596
598.591000	3685
598.439000	3700
598.286000	3661
598.134000	3619
597.982000	3618
597.829000	3601
597.677000	3622
597.525000	3648
597.372000	3642
597.220000	3615
597.068000	3645
596.915000	3680
596.763000	3675
596.611000	3615
596.458000	3669
596.306000	3678
596.154000	3663
596.001000	3656
595.849000	3673
595.697000	3651
595.544000	3623
595.392000	3623
595.240000	3650
595.087000	3655
594.935000	3631
594.783000	3617
594.630000	3644
594.478000	3638
594.326000	3641
594.173000	3606
594.021000	3646
593.869000	3679
593.716000	3656
593.564000	3635
593.412000	3630
593.259000	3665
593.107000	3632
592.955000	3643
592.802000	3648
592.650000	3636
592.498000	3615
592.345000	3617
592.193000	3655
592.041000	3683
591.888000	3667
591.736000	3653
591.584000	3652
591.431000	3633
591.279000	3627
591.127000	3654
590.974000	3668
590.822000	3656
590.670000	3652
590.517000	3678
590.365000	3641
590.213000	3628
590.060000	3634
589.908000	3670
589.756000	3672
589.603000	3647
589.451000	3659
589.299000	3642
589.146000	3604
588.994000	3630
588.842000	3649
588.689000	3665
588.537000	3665
588.385000	3634
588.233000	3616
588.080000	3633
587.928000	3660
587.776000	3690
587.623000	3682
587.471000	3659
587.319000	3677
587.166000	3699
587.014000	3692
586.862000	3676
586.709000	3700
586.557000	3699
586.405000	3662
586.252000	3653
586.100000	3649
585.948000	3668
585.795000	3634
585.643000	3655
585.491000	3694
585.338000	3684
585.186000	3652
585.034000	3638
584.881000	3631
584.729000	3602
584.577000	3608
584.424000	3640
584.272000	3644
584.120000	3709
583.967000	3686
583.815000	3625
583.663000	3665
583.510000	3653
583.358000	3643
583.206000	3603
583.053000	3628
582.901000	3640
582.749000	3639
582.596000	3624
582.444000	3598
582.292000	3626
582.139000	3647
581.987000	3666
581.835000	3651
581.682000	3655
581.530000	3684
581.378000	3657
581.225000	3657
581.073000	3664
580.921000	3643
580.768000	3652
580.616000	3676
580.464000	3664
580.311000	3651
580.159000	3628
580.007000	3637
579.854000	3632
579.702000	3642
579.550000	3670
579.397000	3674
579.245000	3660
579.093000	3668
578.940000	3650
578.788000	3575
578.636000	3619
578.483000	3653
578.331000	3689
578.179000	3663
578.026000	3655
577.874000	3662
577.722000	3644
577.569000	3625
577.417000	3633
577.265000	3623
577.112000	3630
576.960000	3632
576.810000	3635
576.660000	3662
576.510000	3664
576.360000	3610
576.210000	3606
576.060000	3651
575.910000	3615
575.760000	3607
575.610000	3620
575.460000	3635
575.311000	3633
575.161000	3635
575.011000	3638
574.861000	3639
574.711000	3618
574.561000	3619
574.411000	3648
574.261000	3618
574.111000	3665
573.961000	3651
573.811000	3635
573.661000	3636
573.511000	3666
573.361000	3645
573.211000	3661
573.061000	3666
572.911000	3625
572.761000	3650
572.611000	3618
572.461000	3573
572.312000	3616
572.162000	3670
572.012000	3664
571.862000	3637
571.712000	3670
571.562000	3643
571.412000	3628
571.262000	3664
571.112000	3620
570.962000	3630
570.812000	3621
570.662000	3638
570.512000	3671
570.362000	3661
570.212000	3642
570.062000	3654
569.912000	3625
569.762000	3622
569.612000	3637
569.462000	3633
569.312000	3650
569.163000	3646
569.013000	3656
568.863000	3675
568.713000	3677
568.563000	3702
568.413000	3629
568.263000	3646
568.113000	3657
567.963000	3649
567.813000	3670
567.663000	3658
567.513000	3649
567.363000	3622
567.213000	3622
567.063000	3614
566.913000	3626
566.763000	3644
566.613000	3638
566.463000	3664
566.313000	3650
566.164000	3650
566.014000	3640
565.864000	3631
565.714000	3644
565.564000	3647
565.414000	3634
565.264000	3624
565.114000	3619
564.964000	3636
564.814000	3622
564.664000	3622
564.514000	3607
564.364000	3652
564.214000	3672
564.064000	3649
563.914000	3625
563.764000	3639
563.614000	3647
563.464000	3668
563.314000	3653
563.164000	3646
563.015000	3661
562.865000	3666
562.715000	3636
562.565000	3606
562.415000	3617
562.265000	3607
562.115000	3637
561.965000	3649
561.815000	3676
561.665000	3673
561.515000	3669
561.365000	3676
561.215000	3706
561.065000	3651
560.915000	3652
560.765000	3658
560.615000	3638
560.465000	3628
560.315000	3635
560.165000	3644
560.015000	3654
559.866000	3638
559.716000	3645
559.566000	3610
559.416000	3649
559.266000	3626
559.116000	3623
558.966000	3668
558.816000	3662
558.666000	3655
558.516000	3629
558.366000	3661
558.216000	3687
558.066000	3609
557.916000	3627
557.766000	3680
557.616000	3652
557.466000	3622
557.316000	3629
557.166000	3652
557.016000	3669
556.866000	3635
556.717000	3621
556.567000	3629
556.417000	3633
556.267000	3667
556.117000	3694
555.967000	3664
555.817000	3619
555.667000	3676
555.517000	3662
555.367000	3625
555.217000	3636
555.067000	3627
554.917000	3636
554.767000	3642
554.617000	3673
554.467000	3680
554.317000	3647
554.167000	3638
554.017000	3680
553.867000	3723
553.718000	3651
553.568000	3624
553.418000	3645
553.268000	3635
553.118000	3596
552.968000	3596
552.818000	3614
552.668000	3662
552.518000	3683
552.368000	3666
552.218000	3626
552.068000	3609
551.918000	3608
551.768000	3591
551.618000	3616
551.468000	3632
551.318000	3628
551.168000	3648
551.018000	3624
550.868000	3602
550.718000	3614
550.569000	3654
550.419000	3676
550.269000	3667
550.119000	3672
549.969000	3685
549.819000	3676
549.669000	3640
549.519000	3646
549.369000	3629
549.219000	3633
549.069000	3616
548.919000	3603
548.769000	3629
548.619000	3655
548.469000	3647
548.319000	3650
548.169000	3637
548.019000	3638
547.869000	3608
547.719000	3644
547.570000	3637
547.420000	3633
547.270000	3601
547.120000	3606
546.970000	3644
546.820000	3637
546.670000	3613
546.520000	3641
546.370000	3622
546.220000	3651
546.070000	3657
545.923000	3642
545.777000	3603
545.630000	3625
545.484000	3649
545.337000	3616
545.191000	3609
545.044000	3625
544.897000	3613
544.751000	3686
544.604000	3654
544.458000	3604
544.311000	3618
544.164000	3611
544.018000	3630
543.871000	3703
543.725000	3680
543.578000	3684
543.432000	3643
543.285000	3644
543.138000	3637
542.992000	3643
542.845000	3644
542.699000	3641
542.552000	3676
542.405000	3673
542.259000	3670
542.112000	3606
541.966000	3597
541.819000	3636
541.673000	3645
541.526000	3631
541.379000	3642
541.233000	3640
541.086000	3630
540.940000	3625
540.793000	3636
540.646000	3613
540.500000	3617
540.353000	3631
540.207000	3661
540.060000	3671
539.914000	3661
539.767000	3651
539.620000	3628
539.474000	3633
539.327000	3627
539.181000	3589
539.034000	3585
538.887000	3583
538.741000	3593
538.594000	3595
538.448000	3622
538.301000	3602
538.155000	3617
538.008000	3662
537.861000	3648
537.715000	3594
537.568000	3627
537.422000	3666
537.275000	3640
537.128000	3627
536.982000	3657
536.835000	3660
536.689000	3615
536.542000	3624
536.396000	3615
536.249000	3613
536.102000	3596
535.956000	3635
535.809000	3630
535.663000	3665
535.516000	3669
535.369000	3646
535.223000	3653
535.076000	3635
534.930000	3595
534.783000	3611
534.637000	3592
534.490000	3615
534.343000	3646
534.197000	3659
534.050000	3664
533.904000	3678
533.757000	3667
533.610000	3608
533.464000	3603
533.317000	3602
533.171000	3594
533.024000	3655
532.878000	3682
532.731000	3690
532.584000	3647
532.438000	3645
532.291000	3656
532.145000	3640
531.998000	3596
531.851000	3600
531.705000	3631
531.558000	3623
531.412000	3608
531.265000	3618
531.119000	3625
530.972000	3659
530.825000	3638
530.679000	3641
530.532000	3643
530.386000	3634
530.239000	3604
530.093000	3625
529.946000	3630
529.799000	3655
529.653000	3648
529.506000	3633
529.360000	3636
529.213000	3645
529.066000	3622
528.920000	3625
528.773000	3615
528.627000	3629
528.480000	3632
528.334000	3640
528.187000	3635
528.040000	3666
527.894000	3680
527.747000	3606
527.601000	3586
527.454000	3593
527.307000	3600
527.161000	3648
527.014000	3678
526.868000	3649
526.721000	3631
526.575000	3629
526.428000	3651
526.281000	3638
526.135000	3648
525.988000	3634
525.842000	3646
525.695000	3660
525.548000	3647
525.402000	3666
525.255000	3675
525.109000	3660
524.962000	3615
524.816000	3620
524.669000	3659
524.522000	3598
524.376000	3591
524.229000	3612
524.083000	3650
523.936000	3682
523.789000	3671
523.643000	3619
523.496000	3602
523.350000	3602
523.203000	3618
523.057000	3650
522.910000	3669
522.763000	3621
522.617000	3616
522.470000	3675
522.324000	3689
522.177000	3667
522.030000	3663
521.884000	3603
521.737000	3569
521.591000	3627
521.444000	3630
521.298000	3629
521.151000	3612
521.004000	3628
520.858000	3726
520.711000	3673
520.565000	3618
520.418000	3648
520.271000	3603
520.125000	3629
519.978000	3647
519.832000	3656
519.685000	3656
519.539000	3638
519.392000	3639
519.245000	3656
519.099000	3644
518.952000	3618
518.806000	3622
518.659000	3645
518.513000	3627
518.366000	3616
518.219000	3629
518.073000	3639
517.926000	3621
517.780000	3615
517.633000	3623
517.486000	3668
517.340000	3646
517.193000	3628
517.047000	3608
516.900000	3609
516.754000	3623
516.607000	3600
516.460000	3594
516.314000	3623
516.167000	3611
516.021000	3603
515.874000	3587
515.727000	3599
515.581000	3629
515.434000	3655
515.288000	3606
515.141000	3627
514.995000	3641
514.848000	3641
514.701000	3579
514.555000	3585
514.408000	3606
514.262000	3595
514.115000	3613
513.968000	3658
513.822000	3617
513.675000	3596
513.529000	3611
513.382000	3596
513.236000	3583
513.089000	3591
512.942000	3590
512.796000	3578
512.649000	3627
512.503000	3635
512.356000	3625
512.209000	3616
512.063000	3597
511.916000	3572
511.770000	3608
511.623000	3604
511.477000	3610
511.330000	3591
511.183000	3619
511.037000	3622
510.890000	3585
510.744000	3601
510.597000	3612
510.450000	3598
510.304000	3595
510.157000	3617
510.011000	3621
509.864000	3627
509.718000	3620
509.571000	3582
509.424000	3588
509.278000	3635
509.131000	3642
508.985000	3560
508.838000	3580
508.691000	3602
508.545000	3615
508.398000	3589
508.252000	3585
508.105000	3604
507.959000	3589
507.812000	3604
507.665000	3634
507.519000	3576
507.372000	3566
507.226000	3579
507.079000	3611
506.932000	3622
506.786000	3587
506.639000	3590
506.493000	3615
506.346000	3629
506.200000	3604
506.053000	3566
505.906000	3591
505.760000	3596
505.613000	3578
505.467000	3598
505.320000	3564
505.173000	3573
505.027000	3600
504.880000	3615
504.734000	3591
504.587000	3583
504.441000	3581
504.294000	3570
504.147000	3565
504.001000	3558
503.854000	3587
503.708000	3594
503.561000	3592
503.415000	3616
503.268000	3584
503.121000	3588
502.975000	3620
502.828000	3586
502.682000	3581
502.535000	3618
502.388000	3617
502.242000	3593
502.095000	3599
501.949000	3611
501.802000	3544
501.656000	3566
501.509000	3596
501.362000	3579
501.216000	3578
501.069000	3588
500.923000	3556
500.776000	3565
500.629000	3571
500.483000	3544
500.336000	3569
500.190000	3569
500.043000	3576
499.897000	3566
499.750000	3580
499.603000	3595
499.457000	3631
499.310000	3618
499.164000	3587
499.017000	3574
498.870000	3537
498.724000	3566
498.577000	3565
498.431000	3555
498.284000	3595
498.138000	3617
497.991000	3592
497.844000	3577
497.698000	3591
497.551000	3558
497.405000	3568
497.258000	3553
497.111000	3566
496.965000	3593
496.818000	3608
496.672000	3629
496.525000	3591
496.379000	3593
496.232000	3602
496.085000	3539
495.939000	3564
495.792000	3558
495.646000	3572
495.499000	3576
495.352000	3576
495.206000	3576
495.059000	3586
494.913000	3571
494.766000	3555
494.620000	3562
494.473000	3573
494.326000	3544
494.180000	3532
494.033000	3565
493.887000	3582
493.740000	3546
493.593000	3564
493.447000	3550
493.300000	3573
493.154000	3581
493.007000	3560
492.861000	3551
492.714000	3545
492.567000	3576
492.421000	3591
492.274000	3575
492.128000	3570
491.981000	3591
491.834000	3575
491.688000	3555
491.541000	3591
491.395000	3605
491.248000	3550
491.102000	3562
490.955000	3610
490.808000	3607
490.662000	3582
490.515000	3582
490.369000	3575
490.222000	3570
490.076000	3577
489.929000	3568
489.782000	3535
489.636000	3540
489.489000	3571
489.343000	3537
489.196000	3566
489.049000	3599
488.903000	3524
488.756000	3533
488.610000	3555
488.463000	3574
488.317000	3586
488.170000	3564
488.023000	3558
487.877000	3580
487.730000	3588
487.584000	3581
487.437000	3546
487.290000	3558
487.144000	3537
486.997000	3539
486.851000	3570
486.704000	3576
486.558000	3580
486.411000	3574
486.264000	3563
486.118000	3578
485.971000	3600
485.825000	3554
485.678000	3535
485.531000	3516
485.385000	3512
485.238000	3523
485.092000	3520
484.945000	3534
484.799000	3586
484.652000	3553
484.505000	3558
484.359000	3545
484.212000	3529
484.066000	3549
483.919000	3565
483.772000	3549
483.626000	3549
483.479000	3570
483.333000	3593
483.186000	3582
483.040000	3585
482.893000	3552
482.746000	3543
482.600000	3555
482.453000	3549
482.307000	3548
482.160000	3544
482.013000	3538
481.867000	3561
481.720000	3543
481.574000	3538
481.427000	3553
481.281000	3534
481.134000	3527
480.987000	3517
480.841000	3538
480.694000	3556
480.548000	3596
480.401000	3599
480.254000	3551
480.108000	3544
479.961000	3529
479.815000	3562
479.668000	3598
479.522000	3595
479.375000	3617
479.228000	3575
479.082000	3558
478.935000	3540
478.789000	3522
478.642000	3548
478.495000	3567
478.349000	3542
478.202000	3553
478.056000	3527
477.909000	3532
477.763000	3531
477.616000	3538
477.469000	3549
477.323000	3546
477.176000	3581
477.030000	3562
476.883000	3582
476.736000	3580
476.590000	3546
476.443000	3564
476.297000	3613
476.150000	3601
476.004000	3540
475.857000	3511
475.710000	3548
475.564000	3553
475.417000	3562
475.271000	3554
475.124000	3591
474.978000	3598
474.831000	3579
474.684000	3583
474.538000	3550
474.391000	3590
474.245000	3580
474.098000	3544
473.951000	3546
473.805000	3591
473.658000	3618
473.512000	3589
473.365000	3560
473.219000	3576
473.072000	3570
472.925000	3570
472.779000	3578
472.632000	3590
472.486000	3586
472.339000	3560
472.192000	3563
472.046000	3614
471.899000	3606
471.753000	3584
471.606000	3545
471.460000	3557
471.313000	3570
471.166000	3573
471.020000	3581
470.873000	3604
470.727000	3606
470.580000	3614
470.433000	3629
470.287000	3600
470.140000	3600
469.994000	3587
469.847000	3591
469.701000	3572
469.554000	3571
469.407000	3576
469.261000	3550
469.114000	3557
468.968000	3597
468.821000	3596
468.674000	3620
468.528000	3615
468.381000	3589
468.235000	3574
468.088000	3604
467.942000	3650
467.795000	3613
467.648000	3596
467.502000	3645
467.355000	3605
467.209000	3552
467.062000	3583
466.915000	3596
466.769000	3585
466.622000	3600
466.476000	3584
466.329000	3614
466.183000	3650
466.036000	3607
465.889000	3579
465.743000	3609
465.596000	3622
465.450000	3632
465.303000	3658
465.156000	3647
465.010000	3612
464.863000	3617
464.717000	3619
464.570000	3606
464.424000	3555
464.277000	3562
464.130000	3601
463.984000	3602
463.837000	3622
463.691000	3640
463.544000	3646
463.397000	3618
463.251000	3604
463.104000	3616
462.958000	3610
462.811000	3618
462.665000	3612
462.518000	3619
462.371000	3662
462.225000	3668
462.078000	3648
461.932000	3656
461.785000	3675
461.639000	3601
461.492000	3647
461.345000	3687
461.199000	3643
461.052000	3645
460.906000	3677
460.759000	3635
460.612000	3657
460.466000	3673
460.319000	3676
460.173000	3666
460.026000	3672
459.880000	3672
459.733000	3682
459.586000	3676
459.440000	3677
459.293000	3651
459.147000	3675
459.000000	3678
458.853000	3659
458.707000	3643
458.560000	3673
458.414000	3709
458.267000	3720
458.121000	3716
457.974000	3737
457.827000	3701
457.681000	3701
457.534000	3688
457.388000	3689
457.241000	3705
457.094000	3713
456.948000	3708
456.801000	3707
456.655000	3752
456.508000	3755
456.362000	3758
456.215000	3763
456.068000	3737
455.922000	3728
455.775000	3735
455.629000	3717
455.482000	3703
455.335000	3754
455.189000	3743
455.042000	3709
454.896000	3732
454.749000	3744
454.603000	3726
454.456000	3714
454.309000	3758
454.163000	3783
454.016000	3767
453.870000	3743
453.723000	3711
453.576000	3703
453.430000	3731
453.283000	3761
453.137000	3768
452.990000	3720
452.844000	3717
452.697000	3741
452.550000	3720
452.404000	3700
452.257000	3755
452.111000	3739
451.964000	3731
451.817000	3774
451.671000	3768
451.524000	3727
451.378000	3720
451.231000	3740
451.085000	3726
450.938000	3738
450.791000	3712
450.645000	3680
450.498000	3666
450.352000	3695
450.205000	3715
450.058000	3634
449.912000	3652
449.765000	3689
449.619000	3685
449.472000	3680
449.326000	3692
449.179000	3705
449.032000	3708
448.886000	3669
448.739000	3662
448.593000	3674
448.446000	3664
448.300000	3645
448.153000	3652
448.006000	3660
447.860000	3631
447.713000	3641
447.567000	3682
447.420000	3663
447.273000	3631
447.127000	3633
446.980000	3640
446.834000	3662
446.687000	3691
446.541000	3697
446.394000	3678
446.247000	3654
446.101000	3641
445.954000	3599
445.808000	3573
445.661000	3592
445.514000	3616
445.368000	3640
445.221000	3660
445.075000	3652
444.928000	3642
444.782000	3612
444.635000	3625
444.488000	3630
444.342000	3594
444.195000	3601
444.049000	3559
443.902000	3544
443.755000	3593
443.609000	3626
443.462000	3629
443.316000	3644
443.169000	3621
443.023000	3600
442.876000	3577
442.729000	3561
442.583000	3568
442.436000	3625
442.290000	3597
442.143000	3576
441.996000	3602
441.850000	3596
441.703000	3570
441.557000	3561
441.410000	3600
441.264000	3589
441.117000	3600
440.970000	3624
440.824000	3607
440.677000	3576
440.531000	3586
440.384000	3574
440.237000	3561
440.091000	3547
439.944000	3538
439.798000	3567
439.651000	3576
439.505000	3566
439.358000	3583
439.211000	3580
439.065000	3567
438.918000	3572
438.772000	3556
438.625000	3566
438.478000	3580
438.332000	3545
438.185000	3559
438.039000	3560
437.892000	3567
437.746000	3583
437.599000	3556
437.452000	3546
437.306000	3555
437.159000	3517
437.013000	3524
436.866000	3537
436.719000	3595
436.573000	3609
436.426000	3575
436.280000	3562
436.133000	3559
435.987000	3558
435.840000	3565
435.697000	3564
435.554000	3559
435.411000	3534
435.268000	3542
435.125000	3585
434.982000	3603
434.839000	3559
434.696000	3520
434.553000	3570
434.410000	3528
434.267000	3566
434.124000	3597
433.981000	3562
433.838000	3531
433.695000	3548
433.552000	3539
433.409000	3562
433.265000	3563
433.122000	3545
432.979000	3534
432.836000	3533
432.693000	3530
432.550000	3540
432.407000	3564
432.264000	3552
432.121000	3567
431.978000	3556
431.835000	3586
431.692000	3575
431.549000	3499
431.406000	3501
431.263000	3529
431.120000	3526
430.977000	3524
430.834000	3536
430.691000	3592
430.548000	3601
430.405000	3600
430.262000	3558
430.119000	3529
429.976000	3499
429.833000	3473
429.690000	3495
429.547000	3550
429.404000	3541
429.261000	3507
429.118000	3527
428.975000	3544
428.832000	3530
428.689000	3501
428.546000	3491
428.403000	3503
428.260000	3504
428.117000	3501
427.973000	3531
427.830000	3523
427.687000	3499
427.544000	3520
427.401000	3530
427.258000	3528
427.115000	3510
426.972000	3537
426.829000	3525
426.686000	3492
426.543000	3545
426.400000	3572
426.257000	3508
426.114000	3493
425.971000	3515
425.828000	3527
425.685000	3512
425.542000	3494
425.399000	3499
425.256000	3539
425.113000	3538
424.970000	3497
424.827000	3502
424.684000	3519
424.541000	3501
424.398000	3495
424.255000	3492
424.112000	3538
423.969000	3532
423.826000	3549
423.683000	3601
423.540000	3567
423.397000	3516
423.254000	3537
423.111000	3516
422.968000	3511
422.825000	3509
422.681000	3519
422.538000	3550
422.395000	3559
422.252000	3543
422.109000	3578
421.966000	3556
421.823000	3531
421.680000	3495
421.537000	3505
421.394000	3529
421.251000	3512
421.108000	3509
420.965000	3529
420.822000	3521
420.679000	3527
420.536000	3516
420.393000	3522
420.250000	3541
420.107000	3523
419.964000	3502
419.821000	3547
419.678000	3560
419.535000	3558
419.392000	3545
419.249000	3545
419.106000	3543
418.963000	3510
418.820000	3502
418.677000	3507
418.534000	3560
418.391000	3520
418.248000	3468
418.105000	3507
417.962000	3531
417.819000	3534
417.676000	3546
417.532000	3507
417.389000	3506
417.246000	3496
417.103000	3526
416.960000	3574
416.817000	3559
416.674000	3543
416.531000	3534
416.388000	3522
416.245000	3525
416.102000	3519
415.959000	3502
415.816000	3520
415.673000	3506
415.530000	3526
415.387000	3558
415.244000	3551
415.101000	3546
414.958000	3541
414.815000	3535
414.672000	3484
414.529000	3445
414.386000	3478
414.243000	3512
414.100000	3508
413.957000	3496
413.814000	3502
413.671000	3536
413.528000	3543
413.385000	3491
413.242000	3482
413.099000	3507
412.956000	3539
412.813000	3526
412.670000	3515
412.527000	3518
412.383000	3534
412.240000	3501
412.097000	3496
411.954000	3516
411.811000	3512
411.668000	3476
411.525000	3500
411.382000	3525
411.239000	3552
411.096000	3547
410.953000	3497
410.810000	3497
410.667000	3547
410.524000	3484
410.381000	3470
410.238000	3505
410.095000	3503
409.952000	3508
409.809000	3518
409.666000	3498
409.523000	3524
409.380000	3539
409.237000	3491
409.094000	3496
408.951000	3492
408.808000	3500
408.665000	3478
408.522000	3483
408.379000	3511
408.236000	3512
408.093000	3507
407.950000	3501
407.807000	3512
407.664000	3510
407.521000	3474
407.378000	3489
407.235000	3481
407.091000	3517
406.948000	3539
406.805000	3526
406.662000	3543
406.519000	3545
406.376000	3499
406.233000	3499
406.090000	3503
405.947000	3508
405.804000	3521
405.661000	3550
405.518000	3514
405.375000	3511
405.232000	3537
405.089000	3540
404.946000	3524
404.803000	3501
404.660000	3491
404.521000	3516
404.382000	3510
404.243000	3532
404.104000	3548
403.965000	3521
403.826000	3524
403.687000	3523
403.549000	3499
403.410000	3511
403.271000	3530
403.132000	3543
402.993000	3504
402.854000	3484
402.715000	3521
402.576000	3562
402.437000	3536
402.298000	3481
402.159000	3447
402.020000	3507
401.881000	3544
401.742000	3532
401.603000	3533
401.464000	3539
401.326000	3527
401.187000	3521
401.048000	3509
400.909000	3523
400.770000	3515
400.631000	3506
400.492000	3485
400.353000	3516
400.214000	3519
400.075000	3498
399.936000	3521
399.797000	3528
399.658000	3526
399.519000	3503
399.380000	3497
399.241000	3500
399.103000	3512
398.964000	3535
398.825000	3554
398.686000	3518
398.547000	3476
398.408000	3523
398.269000	3560
398.130000	3490
397.991000	3455
397.852000	3468
397.713000	3487
397.574000	3487
397.435000	3504
397.296000	3515
397.157000	3510
397.019000	3520
396.880000	3483
396.741000	3457
396.602000	3499
396.463000	3521
396.324000	3514
396.185000	3491
396.046000	3443
395.907000	3481
395.768000	3493
395.629000	3484
395.490000	3508
395.351000	3518
395.212000	3487
395.073000	3484
394.934000	3474
394.796000	3504
394.657000	3532
394.518000	3524
394.379000	3531
394.240000	3546
394.101000	3530
393.962000	3484
393.823000	3474
393.684000	3470
393.545000	3480
393.406000	3496
393.267000	3504
393.128000	3511
392.989000	3517
392.850000	3511
392.711000	3492
392.573000	3521
392.434000	3526
392.295000	3493
392.156000	3495
392.017000	3504
391.878000	3529
391.739000	3565
391.600000	3536
391.461000	3523
391.322000	3468
391.183000	3490
391.044000	3498
390.905000	3512
390.766000	3522
390.627000	3532
390.489000	3504
390.350000	3506
390.211000	3512
390.072000	3505
389.933000	3472
389.794000	3505
389.655000	3514
389.516000	3506
389.377000	3490
389.238000	3527
389.099000	3545
388.960000	3511
388.821000	3482
388.682000	3504
388.543000	3546
388.404000	3496
388.266000	3494
388.127000	3539
387.988000	3523
387.849000	3541
387.710000	3530
387.571000	3490
387.432000	3501
387.293000	3508
387.154000	3493
387.015000	3497
386.876000	3443
386.737000	3491
386.598000	3518
386.459000	3522
386.320000	3508
386.181000	3552
386.043000	3548
385.904000	3523
385.765000	3505
385.626000	3510
385.487000	3540
385.348000	3517
385.209000	3501
385.070000	3467
384.931000	3514
384.792000	3544
384.653000	3533
384.514000	3530
384.375000	3527
384.236000	3506
384.097000	3465
383.959000	3484
383.820000	3530
383.681000	3555
383.542000	3511
383.403000	3488
383.264000	3509
383.125000	3500
382.986000	3478
382.847000	3476
382.708000	3499
382.569000	3481
382.430000	3503
382.291000	3527
382.152000	3531
382.013000	3514
381.874000	3509
381.736000	3489
381.597000	3496
381.458000	3495
381.319000	3514
381.180000	3480
381.041000	3500
380.902000	3503
380.763000	3481
380.624000	3500
380.485000	3493
380.346000	3497
380.207000	3520
380.068000	3549
379.929000	3539
379.790000	3516
379.651000	3528
379.513000	3529
379.374000	3511
379.235000	3508
379.096000	3515
378.957000	3514
378.818000	3518
378.679000	3515
378.540000	3498
378.401000	3544
378.262000	3540
378.123000	3479
377.984000	3521
377.845000	3518
377.706000	3473
377.567000	3498
377.429000	3504
377.290000	3483
377.151000	3478
377.012000	3527
376.873000	3539
376.734000	3540
376.595000	3548
376.456000	3524
376.317000	3489
376.178000	3446
376.039000	3455
375.900000	3507
375.761000	3531
375.622000	3542
375.483000	3513
375.344000	3503
375.206000	3494
375.067000	3489
374.928000	3501
374.789000	3542
374.650000	3515
374.511000	3497
374.372000	3486
374.233000	3481
374.094000	3492
373.955000	3490
373.816000	3491
373.677000	3485
373.538000	3496
373.399000	3519
373.260000	3511
373.121000	3506
372.983000	3507
372.844000	3478
372.705000	3481
372.566000	3503
372.427000	3500
372.288000	3484
372.149000	3466
372.010000	3479
371.871000	3474
371.732000	3478
371.593000	3538
371.454000	3537
371.315000	3540
371.176000	3544
371.037000	3528
370.899000	3466
370.760000	3466
370.621000	3480
370.482000	3481
370.343000	3499
370.204000	3520
370.065000	3496
369.926000	3506
369.787000	3535
369.648000	3527
369.509000	3487
369.370000	3501
369.231000	3487
369.092000	3474
368.953000	3485
368.814000	3483
368.676000	3501
368.537000	3520
368.398000	3516
368.259000	3517
368.120000	3468
367.981000	3477
367.842000	3510
367.703000	3534
367.564000	3543
367.425000	3514
367.286000	3485
367.147000	3508
367.008000	3552
366.869000	3520
366.730000	3477
366.591000	3505
366.453000	3486
366.314000	3491
366.175000	3494
366.036000	3468
365.897000	3470
365.758000	3496
365.619000	3501
365.480000	3456
365.342000	3470
365.203000	3489
365.065000	3503
364.926000	3521
364.788000	3548
364.650000	3515
364.511000	3505
364.373000	3522
364.235000	3530
364.096000	3476
363.958000	3503
363.819000	3491
363.681000	3473
363.543000	3516
363.404000	3520
363.266000	3543
363.127000	3549
362.989000	3516
362.851000	3525
362.712000	3491
362.574000	3505
362.435000	3496
362.297000	3503
362.159000	3525
362.020000	3482
361.882000	3582
361.744000	3584
361.605000	3494
361.467000	3518
361.328000	3475
361.190000	3466
361.052000	3510
360.913000	3492
360.775000	3495
360.636000	3456
360.498000	3445
360.360000	3508
360.221000	3503
360.083000	3507
359.945000	3525
359.806000	3482
359.668000	3474
359.529000	3491
359.391000	3521
359.253000	3530
359.114000	3530
358.976000	3532
358.837000	3503
358.699000	3500
358.561000	3503
358.422000	3479
358.284000	3475
358.146000	3490
358.007000	3486
357.869000	3487
357.730000	3498
357.592000	3527
357.454000	3505
357.315000	3492
357.177000	3536
357.038000	3499
356.900000	3517
356.762000	3524
356.623000	3492
356.485000	3483
356.347000	3535
356.208000	3518
356.070000	3517
355.931000	3489
355.793000	3499
355.655000	3531
355.516000	3521
355.378000	3519
355.239000	3500
355.101000	3483
354.963000	3531
354.824000	3534
354.686000	3523
354.547000	3507
354.409000	3470
354.271000	3488
354.132000	3496
353.994000	3507
353.856000	3537
353.717000	3545
353.579000	3531
353.440000	3525
353.302000	3530
353.164000	3511
353.025000	3506
352.887000	3465
352.748000	3492
352.610000	3508
352.472000	3489
352.333000	3476
352.195000	3486
352.057000	3485
351.918000	3495
351.780000	3502
351.641000	3497
351.503000	3482
351.365000	3488
351.226000	3521
351.088000	3528
350.949000	3510
350.811000	3510
350.673000	3496
350.534000	3511
350.396000	3499
350.258000	3493
350.119000	3533
349.981000	3484
349.842000	3457
349.704000	3508
349.566000	3531
349.427000	3508
349.289000	3506
349.150000	3470
349.012000	3483
348.874000	3520
348.735000	3505
348.597000	3500
348.458000	3534
348.320000	3540
348.182000	3479
348.043000	3500
347.905000	3500
347.767000	3475
347.628000	3487
347.490000	3511
347.351000	3514
347.213000	3514
347.075000	3517
346.936000	3514
346.798000	3507
346.659000	3512
346.521000	3508
346.383000	3491
346.244000	3497
346.106000	3481
345.968000	3473
345.829000	3480
345.691000	3507
345.552000	3545
345.414000	3521
345.276000	3526
345.137000	3543
344.999000	3532
344.860000	3520
344.722000	3498
344.584000	3501
344.445000	3490
344.307000	3511
344.169000	3577
344.030000	3559
343.892000	3520
343.753000	3481
343.615000	3482
343.477000	3487
343.338000	3493
343.200000	3504
343.061000	3482
342.923000	3540
342.785000	3546
342.646000	3546
342.508000	3574
342.370000	3515
342.231000	3480
342.093000	3501
341.954000	3496
341.816000	3480
341.678000	3456
341.539000	3469
341.401000	3521
341.262000	3510
341.124000	3495
340.986000	3470
340.847000	3487
340.709000	3468
340.570000	3520
340.432000	3532
340.294000	3505
340.155000	3515
340.017000	3507
339.879000	3503
339.740000	3508
339.602000	3496
339.463000	3500
339.325000	3510
339.187000	3484
339.048000	3493
338.910000	3535
338.771000	3525
338.633000	3521
338.495000	3511
338.356000	3460
338.218000	3532
338.080000	3538
337.941000	3482
337.803000	3495
337.664000	3499
337.526000	3509
337.388000	3529
337.249000	3538
337.111000	3542
336.972000	3527
336.834000	3521
336.696000	3505
336.557000	3512
336.419000	3496
336.281000	3499
336.142000	3496
336.004000	3484
335.865000	3496
335.727000	3493
335.589000	3472
335.450000	3492
335.312000	3518
335.173000	3502
335.035000	3497
334.897000	3507
334.758000	3518
334.620000	3508
334.481000	3524
334.343000	3507
334.205000	3490
334.066000	3475
333.928000	3472
333.790000	3500
333.651000	3520
333.513000	3493
333.374000	3520
333.236000	3536
333.098000	3526
332.959000	3520
332.821000	3494
332.682000	3510
332.544000	3510
332.406000	3512
332.267000	3511
332.129000	3523
331.991000	3490
331.852000	3484
331.714000	3471
331.575000	3475
331.437000	3512
331.299000	3512
331.160000	3468
331.022000	3475
330.883000	3517
330.745000	3530
330.607000	3515
330.468000	3526
330.330000	3524
330.192000	3496
330.053000	3478
329.915000	3492
329.776000	3491
329.638000	3480
329.500000	3518
329.361000	3521
329.223000	3511
329.084000	3516
328.946000	3513
328.808000	3491
328.669000	3506
328.531000	3526
328.392000	3516
328.254000	3516
328.116000	3536
327.977000	3512
327.839000	3488
327.701000	3511
327.562000	3545
327.424000	3520
327.285000	3514
327.147000	3494
327.009000	3481
326.870000	3495
326.732000	3516
326.593000	3527
326.455000	3524
326.317000	3497
326.178000	3489
326.040000	3507
325.902000	3542
325.763000	3558
325.625000	3531
325.486000	3510
325.348000	3520
325.210000	3529
325.071000	3533
324.933000	3551
324.794000	3506
324.656000	3461
324.518000	3500
324.379000	3506
324.241000	3511
324.103000	3513
323.964000	3506
323.826000	3476
323.687000	3482
323.549000	3502
323.411000	3488
323.272000	3478
323.134000	3492
322.995000	3525
322.857000	3544
322.719000	3518
322.580000	3508
322.442000	3541
322.303000	3538
322.165000	3490
322.027000	3495
321.888000	3489
321.750000	3474
321.612000	3465
321.473000	3488
321.335000	3551
321.196000	3550
321.058000	3517
320.920000	3511
320.781000	3543
320.643000	3494
320.504000	3487
320.366000	3500
320.228000	3502
320.089000	3470
319.951000	3463
319.813000	3546
319.674000	3534
319.536000	3495
319.397000	3501
319.259000	3459
319.121000	3503
318.982000	3541
318.844000	3493
318.705000	3488
318.567000	3517
318.429000	3514
318.290000	3497
318.152000	3503
318.014000	3491
317.875000	3479
317.737000	3502
317.598000	3532
317.460000	3534
317.322000	3497
317.183000	3518
317.045000	3547
316.906000	3520
316.768000	3514
316.630000	3482
316.491000	3492
316.353000	3469
316.214000	3519
316.076000	3546
315.938000	3522
315.799000	3518
315.661000	3500
315.523000	3520
315.384000	3506
315.246000	3470
315.107000	3490
314.969000	3482
314.831000	3479
314.692000	3507
314.554000	3522
314.415000	3503
314.277000	3516
314.139000	3521
314.000000	3535
313.862000	3505
313.724000	3518
313.585000	3535
313.447000	3527
313.308000	3490
313.170000	3500
313.036000	3521
312.902000	3507
312.768000	3496
312.634000	3513
312.500000	3514
312.366000	3490
312.232000	3508
312.098000	3535
311.964000	3516
311.829000	3507
311.695000	3508
311.561000	3514
311.427000	3525
311.293000	3503
311.159000	3487
311.025000	3483
310.891000	3493
310.757000	3489
310.623000	3498
310.489000	3483
310.355000	3509
310.221000	3499
310.087000	3496
309.953000	3505
309.819000	3497
309.685000	3520
309.551000	3527
309.416000	3500
309.282000	3497
309.148000	3500
309.014000	3489
308.880000	3481
308.746000	3494
308.612000	3482
308.478000	3494
308.344000	3490
308.210000	3508
308.076000	3530
307.942000	3510
307.808000	3493
307.674000	3523
307.540000	3556
307.406000	3519
307.272000	3461
307.138000	3468
307.004000	3493
306.869000	3478
306.735000	3526
306.601000	3568
306.467000	3556
306.333000	3536
306.199000	3515
306.065000	3502
305.931000	3474
305.797000	3482
305.663000	3456
305.529000	3492
305.395000	3501
305.261000	3505
305.127000	3524
304.993000	3531
304.859000	3529
304.725000	3489
304.591000	3478
304.456000	3479
304.322000	3473
304.188000	3486
304.054000	3470
303.920000	3509
303.786000	3506
303.652000	3486
303.518000	3475
303.384000	3499
303.250000	3534
303.116000	3526
302.982000	3489
302.848000	3480
302.714000	3517
302.580000	3501
302.446000	3526
302.312000	3529
302.178000	3505
302.044000	3509
301.909000	3498
301.775000	3470
301.641000	3478
301.507000	3500
301.373000	3527
301.239000	3528
301.105000	3513
300.971000	3486
300.837000	3472
300.703000	3478
300.569000	3460
300.435000	3480
300.301000	3526
300.167000	3513
300.033000	3490
299.899000	3472
299.765000	3485
299.631000	3490
299.496000	3529
299.362000	3543
299.228000	3506
299.094000	3503
298.960000	3525
298.826000	3513
298.692000	3525
298.558000	3554
298.424000	3562
298.290000	3539
298.156000	3490
298.022000	3522
297.888000	3514
297.754000	3499
297.620000	3483
297.486000	3535
297.352000	3532
297.218000	3520
297.084000	3516
296.949000	3507
296.815000	3504
296.681000	3500
296.547000	3474
296.413000	3493
296.279000	3519
296.145000	3522
296.011000	3518
295.877000	3504
295.743000	3499
295.609000	3574
295.475000	3525
295.341000	3482
295.207000	3504
295.073000	3542
294.939000	3521
294.805000	3480
294.671000	3509
294.536000	3485
294.402000	3517
294.268000	3545
294.134000	3490
294.000000	3527
293.866000	3500
293.732000	3469
293.598000	3516
293.464000	3531
293.330000	3527
293.196000	3517
293.062000	3518
292.928000	3490
292.794000	3489
292.660000	3498
292.526000	3491
292.392000	3506
292.258000	3497
292.124000	3495
291.989000	3503
291.855000	3527
291.721000	3551
291.587000	3513
291.453000	3517
291.319000	3502
291.185000	3508
291.051000	3528
290.917000	3529
290.783000	3513
290.649000	3516
290.515000	3545
290.381000	3514
290.247000	3486
290.113000	3514
289.979000	3514
289.845000	3502
289.711000	3479
289.576000	3519
289.442000	3503
289.308000	3478
289.174000	3494
289.040000	3503
288.906000	3472
288.772000	3479
288.638000	3510
288.504000	3523
288.370000	3517
288.236000	3538
288.102000	3535
287.968000	3534
287.834000	3547
287.700000	3523
287.566000	3496
287.432000	3507
287.298000	3497
287.164000	3504
287.029000	3508
286.895000	3500
286.761000	3493
286.627000	3484
286.493000	3500
286.359000	3506
286.225000	3507
286.091000	3514
285.957000	3514
285.823000	3498
285.689000	3506
285.555000	3501
285.421000	3503
285.287000	3555
285.153000	3536
285.019000	3511
284.885000	3507
284.751000	3504
284.616000	3523
284.482000	3512
284.348000	3512
284.214000	3538
284.080000	3547
283.946000	3531
283.812000	3515
283.678000	3482
283.544000	3504
283.410000	3507
283.276000	3537
283.142000	3500
283.008000	3512
282.874000	3511
282.740000	3472
282.606000	3485
282.472000	3536
282.338000	3495
282.204000	3492
282.069000	3481
281.935000	3486
281.801000	3516
281.667000	3519
281.533000	3517
281.399000	3513
281.265000	3547
281.131000	3543
280.997000	3484
280.863000	3485
280.729000	3506
280.595000	3485
280.461000	3529
280.327000	3563
280.193000	3571
280.059000	3564
279.925000	3515
279.791000	3503
279.656000	3486
279.522000	3496
279.388000	3478
279.254000	3476
279.120000	3489
278.986000	3543
278.852000	3560
278.718000	3518
278.584000	3511
278.450000	3507
278.316000	3476
278.182000	3483
278.048000	3489
277.914000	3521
277.780000	3504
277.646000	3517
277.512000	3524
277.378000	3516
277.244000	3503
277.109000	3485
276.975000	3502
276.841000	3498
276.707000	3511
276.573000	3453
276.439000	3482
276.305000	3528
276.171000	3527
276.037000	3515
275.903000	3521
275.769000	3493
275.635000	3514
275.501000	3490
275.367000	3509
275.233000	3490
275.099000	3474
274.965000	3530
274.831000	3526
274.696000	3504
274.562000	3485
274.428000	3502
274.294000	3530
274.160000	3491
274.026000	3486
273.892000	3511
273.758000	3552
273.624000	3548
273.490000	3514
273.356000	3493
273.222000	3541
273.088000	3511
272.954000	3469
272.820000	3500
272.686000	3499
272.552000	3535
272.418000	3534
272.284000	3507
272.149000	3533
272.015000	3542
271.881000	3512
271.747000	3495
271.613000	3488
271.479000	3482
271.345000	3531
271.211000	3559
271.077000	3542
270.943000	3501
270.809000	3498
270.675000	3536
270.541000	3511
270.407000	3508
270.273000	3503
270.139000	3467
270.005000	3472
269.871000	3523
269.736000	3491
269.602000	3481
269.468000	3463
269.334000	3504
269.200000	3489
269.066000	3493
268.932000	3495
268.798000	3521
268.664000	3513
268.530000	3510
268.396000	3533
268.262000	3519
268.128000	3487
267.994000	3526
267.860000	3535
267.726000	3519
267.592000	3543
267.458000	3539
267.324000	3508
267.189000	3478
267.055000	3488
266.921000	3531
266.787000	3511
266.653000	3491
266.519000	3520
266.385000	3528
266.251000	3515
266.117000	3503
265.983000	3539
265.849000	3540
265.715000	3534
265.581000	3514
265.447000	3513
265.313000	3503
265.179000	3482
265.045000	3503
264.911000	3493
264.776000	3490
264.642000	3517
264.508000	3507
264.374000	3516
264.240000	3516
264.106000	3515
263.972000	3462
263.838000	3471
263.704000	3483
263.570000	3495
263.436000	3538
263.302000	3537
263.168000	3536
263.034000	3524
262.900000	3507
262.766000	3509
262.632000	3499
262.498000	3503
262.364000	3517
262.229000	3521
262.095000	3534
261.961000	3512
261.827000	3538
261.693000	3516
261.559000	3507
261.425000	3524
261.291000	3483
261.157000	3515
261.023000	3550
260.889000	3550
260.755000	3497
260.621000	3484
260.487000	3486
260.353000	3490
260.219000	3500
260.085000	3495
259.951000	3485
259.816000	3479
259.682000	3497
259.548000	3524
259.414000	3539
259.280000	3505
259.146000	3488
259.012000	3507
258.878000	3521
258.744000	3495
258.610000	3488
258.476000	3503
258.342000	3505
258.208000	3488
258.074000	3497
257.940000	3509
257.806000	3534
257.672000	3544
257.538000	3532
257.404000	3496
257.269000	3478
257.135000	3489
257.001000	3528
256.867000	3527
256.733000	3514
256.599000	3507
256.465000	3502
256.331000	3508
256.197000	3476
256.063000	3480
255.929000	3505
255.795000	3469
255.661000	3493
255.527000	3508
255.393000	3508
255.259000	3509
255.125000	3516
254.991000	3489
254.856000	3501
254.722000	3455
254.588000	3451
254.454000	3496
254.320000	3522
254.186000	3452
254.052000	3464
253.918000	3514
253.784000	3525
253.650000	3508
253.518000	3514
253.385000	3515
253.253000	3473
253.120000	3487
252.988000	3503
252.856000	3531
252.723000	3535
252.591000	3498
252.458000	3501
252.326000	3525
252.193000	3504
252.061000	3484
251.929000	3516
251.796000	3507
251.664000	3502
251.531000	3514
251.399000	3506
251.267000	3494
251.134000	3504
251.002000	3530
250.869000	3486
250.737000	3478
250.605000	3475
250.472000	3492
250.340000	3498
250.207000	3488
250.075000	3513
249.943000	3510
249.810000	3514
249.678000	3507
249.545000	3484
249.413000	3466
249.280000	3471
249.148000	3544
249.016000	3531
248.883000	3489
248.751000	3479
248.618000	3486
248.486000	3496
248.354000	3510
248.221000	3471
248.089000	3452
247.956000	3468
247.824000	3496
247.692000	3526
247.559000	3505
247.427000	3497
247.294000	3484
247.162000	3479
247.029000	3507
246.897000	3492
246.765000	3495
246.632000	3521
246.500000	3491
246.367000	3475
246.235000	3475
246.103000	3499
245.970000	3536
245.838000	3506
245.705000	3475
245.573000	3477
245.441000	3497
245.308000	3474
245.176000	3460
245.043000	3493
244.911000	3507
244.779000	3519
244.646000	3502
244.514000	3504
244.381000	3482
244.249000	3503
244.116000	3482
243.984000	3492
243.852000	3495
243.719000	3491
243.587000	3531
243.454000	3510
243.322000	3521
243.190000	3548
243.057000	3474
242.925000	3500
242.792000	3547
242.660000	3494
242.528000	3490
242.395000	3518
242.263000	3521
242.130000	3530
241.998000	3512
241.865000	3487
241.733000	3495
241.601000	3512
241.468000	3462
241.336000	3502
241.203000	3515
241.071000	3510
240.939000	3499
240.806000	3491
240.674000	3494
240.541000	3491
240.409000	3458
240.277000	3482
240.144000	3492
240.012000	3489
239.879000	3503
239.747000	3498
239.614000	3506
239.482000	3505
239.350000	3500
239.217000	3515
239.085000	3500
238.952000	3509
238.820000	3501
238.688000	3492
238.555000	3502
238.423000	3495
238.290000	3514
238.158000	3540
238.026000	3508
237.893000	3453
237.761000	3493
237.628000	3495
237.496000	3507
237.364000	3521
237.231000	3530
237.099000	3518
236.966000	3500
236.834000	3497
236.701000	3491
236.569000	3494
236.437000	3510
236.304000	3505
236.172000	3468
236.039000	3508
235.907000	3520
235.775000	3504
235.642000	3487
235.510000	3495
235.377000	3506
235.245000	3477
235.113000	3496
234.980000	3501
234.848000	3486
234.715000	3508
234.583000	3498
234.450000	3486
234.318000	3485
234.186000	3514
234.053000	3517
233.921000	3499
233.788000	3505
233.656000	3520
233.524000	3490
233.391000	3512
233.259000	3491
233.126000	3478
232.994000	3506
232.862000	3507
232.729000	3480
232.597000	3473
232.464000	3493
232.332000	3533
232.200000	3495
232.067000	3468
231.935000	3487
231.802000	3523
231.670000	3529
231.537000	3520
231.405000	3504
231.273000	3478
231.140000	3445
231.008000	3455
230.875000	3508
230.743000	3526
230.611000	3497
230.478000	3521
230.346000	3503
230.213000	3482
230.081000	3461
229.949000	3496
229.816000	3509
229.684000	3491
229.551000	3482
229.419000	3500
229.286000	3479
229.154000	3488
229.022000	3501
228.889000	3479
228.757000	3491
228.624000	3534
228.492000	3484
228.360000	3495
228.227000	3520
228.095000	3503
227.962000	3505
227.830000	3489
227.698000	3466
227.565000	3455
227.433000	3454
227.300000	3490
227.168000	3500
227.036000	3481
226.903000	3445
226.771000	3490
226.638000	3500
226.506000	3553
226.373000	3577
226.241000	3487
226.109000	3490
225.976000	3508
225.844000	3467
225.711000	3492
225.579000	3542
225.447000	3525
225.314000	3502
225.182000	3473
225.049000	3475
224.917000	3477
224.785000	3478
224.652000	3464
224.520000	3488
224.387000	3488
224.255000	3493
224.122000	3519
223.990000	3499
223.858000	3509
223.725000	3532
223.593000	3535
223.460000	3526
223.328000	3503
223.196000	3507
223.063000	3503
222.931000	3500
222.798000	3459
222.666000	3478
222.534000	3543
222.401000	3525
222.269000	3502
222.136000	3491
222.004000	3494
221.871000	3492
221.739000	3504
221.607000	3504
221.474000	3509
221.342000	3497
221.209000	3515
221.077000	3557
220.945000	3541
220.812000	3505
220.680000	3467
220.547000	3476
220.415000	3506
220.283000	3523
220.150000	3521
220.018000	3505
219.885000	3535
219.753000	3514
219.621000	3460
219.488000	3517
219.356000	3527
219.223000	3492
219.091000	3512
218.958000	3532
218.826000	3533
218.694000	3525
218.561000	3523
218.429000	3472
218.296000	3470
218.164000	3483
218.032000	3495
217.899000	3496
217.767000	3480
217.634000	3503
217.502000	3497
217.370000	3542
217.237000	3561
217.105000	3491
216.972000	3503
216.840000	3465
216.707000	3449
216.575000	3492
216.443000	3535
216.310000	3532
216.178000	3513
216.045000	3521
215.913000	3467
215.781000	3434
215.648000	3486
215.516000	3496
215.383000	3524
215.251000	3519
215.119000	3515
214.986000	3520
214.854000	3492
214.721000	3466
214.589000	3515
214.457000	3485
214.324000	3501
214.192000	3533
214.059000	3514
213.927000	3500
213.794000	3531
213.662000	3498
213.530000	3493
213.397000	3506
213.265000	3480
213.132000	3474
213.000000	3544
212.868000	3520
212.735000	3502
212.603000	3532
212.470000	3519
212.338000	3511
212.206000	3518
212.073000	3521
211.941000	3509
211.808000	3498
211.676000	3500
211.543000	3492
211.411000	3531
211.279000	3568
211.146000	3573
211.014000	3548
210.881000	3528
210.749000	3522
210.617000	3512
210.484000	3498
210.352000	3487
210.219000	3494
210.087000	3495
209.955000	3492
209.822000	3496
209.690000	3489
209.557000	3481
209.425000	3509
209.292000	3478
209.160000	3524
209.028000	3530
208.895000	3500
208.763000	3483
208.630000	3479
208.498000	3499
208.366000	3521
208.233000	3538
208.101000	3515
207.968000	3460
207.836000	3491
207.704000	3512
207.571000	3505
207.439000	3496
207.306000	3512
207.174000	3514
207.042000	3512
206.909000	3532
206.777000	3500
206.644000	3464
206.512000	3487
206.379000	3484
206.247000	3490
206.115000	3479
205.982000	3488
205.850000	3483
205.717000	3537
205.585000	3553
205.453000	3471
205.320000	3481
205.188000	3523
205.055000	3494
204.923000	3481
204.791000	3514
204.658000	3507
204.526000	3505
204.393000	3501
204.261000	3480
204.128000	3447
203.996000	3487
203.864000	3502
203.731000	3508
203.599000	3511
203.466000	3513
203.334000	3528
203.202000	3533
203.069000	3506
202.937000	3496
202.804000	3471
202.672000	3473
202.540000	3502
202.407000	3510
202.275000	3509
202.142000	3500
202.010000	3543
201.878000	3546
201.745000	3493
201.613000	3486
201.480000	3493
201.348000	3476
201.215000	3467
201.083000	3481
200.951000	3513
200.818000	3517
200.686000	3494
200.553000	3501
200.421000	3498
200.289000	3471
200.156000	3499
200.024000	3485
199.891000	3494
199.759000	3507
199.627000	3497
199.494000	3513
199.362000	3498
199.229000	3478
199.097000	3500
198.964000	3462
198.832000	3472
198.700000	3523
198.567000	3549
198.435000	3538
198.302000	3525
198.170000	3484
198.038000	3499
197.905000	3529
