wavelength_nm	intensity
721.892000	3550
721.735000	3530
721.577000	3543
721.420000	3455
721.262000	3462
721.105000	3493
720.948000	3481
720.790000	3491
720.633000	3511
720.475000	3521
720.318000	3522
720.160000	3485
720.003000	3448
719.845000	3460
719.688000	3466
719.530000	3462
719.373000	3484
719.215000	3484
719.058000	3509
718.900000	3508
718.743000	3510
718.586000	3504
718.428000	3471
718.271000	3507
718.113000	3471
717.956000	3491
717.798000	3557
717.641000	3534
717.483000	3513
717.326000	3506
717.168000	3470
717.011000	3491
716.853000	3457
716.696000	3460
716.538000	3494
716.381000	3511
716.223000	3499
716.066000	3464
715.909000	3476
715.751000	3504
715.594000	3464
715.436000	3482
715.279000	3499
715.121000	3491
714.964000	3486
714.806000	3500
714.649000	3525
714.491000	3534
714.334000	3530
714.176000	3520
714.019000	3545
713.861000	3551
713.704000	3506
713.547000	3502
713.389000	3520
713.232000	3534
713.074000	3530
712.917000	3500
712.759000	3490
712.602000	3462
712.444000	3514
712.287000	3530
712.129000	3527
711.972000	3503
711.814000	3503
711.657000	3517
711.499000	3522
711.342000	3491
711.185000	3485
711.027000	3527
710.870000	3533
710.712000	3511
710.555000	3512
710.397000	3501
710.240000	3489
710.082000	3520
709.925000	3505
709.767000	3503
709.610000	3560
709.452000	3575
709.295000	3535
709.137000	3436
708.980000	3507
708.822000	3558
708.665000	3501
708.508000	3480
708.350000	3497
708.193000	3481
708.035000	3496
707.878000	3515
707.720000	3512
707.563000	3478
707.405000	3521
707.248000	3510
707.090000	3500
706.933000	3522
706.775000	3544
706.618000	3515
706.460000	3518
706.303000	3503
706.146000	3493
705.988000	3508
705.831000	3511
705.673000	3507
705.516000	3474
705.358000	3516
705.201000	3519
705.043000	3500
704.886000	3527
704.728000	3540
704.571000	3468
704.413000	3480
704.256000	3505
704.098000	3510
703.941000	3525
703.784000	3484
703.626000	3507
703.469000	3515
703.311000	3529
703.154000	3559
702.996000	3526
702.839000	3496
702.681000	3505
702.524000	3497
702.366000	3508
702.209000	3538
702.051000	3571
701.894000	3528
701.736000	3522
701.579000	3542
701.422000	3519
701.264000	3538
701.107000	3540
700.949000	3536
700.792000	3516
700.634000	3489
700.477000	3533
700.319000	3548
700.162000	3523
700.004000	3512
699.847000	3498
699.689000	3500
699.532000	3515
699.374000	3524
699.217000	3567
699.059000	3530
698.902000	3504
698.745000	3498
698.587000	3483
698.430000	3482
698.272000	3503
698.115000	3525
697.957000	3505
697.800000	3535
697.642000	3532
697.485000	3515
697.327000	3530
697.170000	3512
697.012000	3520
696.855000	3514
696.697000	3476
696.540000	3492
696.388000	3511
696.235000	3503
696.083000	3503
695.931000	3551
695.778000	3560
695.626000	3532
695.474000	3581
695.321000	3517
695.169000	3520
695.017000	3537
694.864000	3548
694.712000	3491
694.560000	3463
694.407000	3477
694.255000	3528
694.103000	3547
693.950000	3560
693.798000	3526
693.646000	3503
693.493000	3495
693.341000	3527
693.189000	3548
693.036000	3548
692.884000	3545
692.732000	3536
692.579000	3518
692.427000	3545
692.275000	3524
692.122000	3525
691.970000	3539
691.818000	3524
691.665000	3518
691.513000	3531
691.361000	3519
691.208000	3543
691.056000	3531
690.904000	3502
690.751000	3528
690.599000	3531
690.447000	3498
690.294000	3521
690.142000	3529
689.990000	3504
689.837000	3523
689.685000	3535
689.533000	3513
689.380000	3500
689.228000	3528
689.076000	3565
688.923000	3546
688.771000	3559
688.619000	3552
688.466000	3519
688.314000	3511
688.162000	3560
688.009000	3550
687.857000	3514
687.705000	3539
687.552000	3521
687.400000	3507
687.248000	3530
687.095000	3546
686.943000	3540
686.791000	3533
686.638000	3544
686.486000	3529
686.334000	3525
686.181000	3542
686.029000	3515
685.877000	3574
685.724000	3560
685.572000	3514
685.420000	3529
685.267000	3550
685.115000	3535
684.963000	3546
684.811000	3542
684.658000	3497
684.506000	3474
684.354000	3494
684.201000	3547
684.049000	3524
683.897000	3520
683.744000	3549
683.592000	3577
683.440000	3531
683.287000	3504
683.135000	3529
682.983000	3539
682.830000	3561
682.678000	3582
682.526000	3583
682.373000	3554
682.221000	3556
682.069000	3558
681.916000	3555
681.764000	3566
681.612000	3544
681.459000	3536
681.307000	3543
681.155000	3518
681.002000	3510
680.850000	3525
680.698000	3542
680.545000	3584
680.393000	3572
680.241000	3569
680.088000	3555
679.936000	3565
679.784000	3570
679.631000	3551
679.479000	3561
679.327000	3596
679.174000	3551
679.022000	3546
678.870000	3539
678.717000	3534
678.565000	3522
678.413000	3519
678.260000	3553
678.108000	3607
677.956000	3596
677.803000	3567
677.651000	3576
677.499000	3579
677.346000	3559
677.194000	3593
677.042000	3606
676.889000	3600
676.737000	3585
676.585000	3535
676.432000	3589
676.280000	3627
676.128000	3607
675.975000	3608
675.823000	3571
675.671000	3572
675.518000	3564
675.366000	3557
675.214000	3585
675.061000	3594
674.909000	3636
674.757000	3627
674.604000	3592
674.452000	3562
674.300000	3582
674.147000	3593
673.995000	3559
673.843000	3564
673.690000	3619
673.538000	3631
673.386000	3600
673.233000	3636
673.081000	3630
672.929000	3594
672.776000	3631
672.624000	3634
672.472000	3637
672.319000	3636
672.167000	3656
672.015000	3646
671.862000	3622
671.710000	3649
671.558000	3644
671.405000	3610
671.253000	3614
671.101000	3591
670.948000	3582
670.796000	3610
670.644000	3635
670.491000	3634
670.339000	3650
670.187000	3647
670.034000	3640
669.882000	3628
669.730000	3600
669.577000	3597
669.425000	3615
669.273000	3604
669.120000	3631
668.968000	3621
668.816000	3625
668.663000	3627
668.511000	3629
668.359000	3649
668.206000	3604
668.054000	3653
667.902000	3662
667.749000	3657
667.597000	3659
667.445000	3641
667.292000	3600
667.140000	3622
666.988000	3644
666.835000	3639
666.683000	3651
666.531000	3643
666.378000	3659
666.226000	3694
666.074000	3645
665.921000	3606
665.769000	3624
665.617000	3617
665.464000	3601
665.312000	3623
665.160000	3614
665.007000	3630
664.855000	3656
664.703000	3642
664.550000	3600
664.398000	3605
664.246000	3629
664.093000	3624
663.941000	3608
663.789000	3619
663.636000	3646
663.484000	3632
663.332000	3623
663.179000	3624
663.027000	3602
662.875000	3629
662.722000	3654
662.570000	3639
662.418000	3596
662.265000	3607
662.113000	3621
661.961000	3613
661.808000	3591
661.656000	3603
661.504000	3627
661.351000	3655
661.199000	3654
661.047000	3604
660.894000	3596
660.742000	3582
660.590000	3596
660.438000	3590
660.285000	3601
660.133000	3599
659.981000	3620
659.828000	3610
659.676000	3590
659.524000	3589
659.371000	3566
659.219000	3556
659.067000	3591
658.914000	3619
658.762000	3613
658.610000	3615
658.457000	3600
658.305000	3601
658.153000	3565
658.000000	3569
657.848000	3610
657.696000	3612
657.543000	3642
657.391000	3624
657.239000	3589
657.086000	3624
656.934000	3607
656.782000	3602
656.629000	3607
656.477000	3628
656.325000	3630
656.172000	3618
656.020000	3633
655.868000	3612
655.715000	3603
655.563000	3594
655.411000	3608
655.258000	3609
655.106000	3635
654.954000	3650
654.801000	3660
654.649000	3655
654.497000	3632
654.344000	3620
654.192000	3634
654.040000	3637
653.887000	3627
653.735000	3595
653.583000	3568
653.430000	3608
653.278000	3663
653.126000	3664
652.973000	3654
652.821000	3659
652.669000	3654
652.516000	3619
652.364000	3624
652.212000	3642
652.059000	3637
651.907000	3613
651.755000	3628
651.602000	3604
651.450000	3649
651.298000	3652
651.145000	3655
650.993000	3686
650.841000	3665
650.688000	3674
650.536000	3650
650.384000	3659
650.231000	3668
650.079000	3684
649.927000	3692
649.774000	3674
649.622000	3672
649.470000	3713
649.317000	3709
649.165000	3679
649.013000	3649
648.860000	3610
648.708000	3645
648.556000	3652
648.403000	3605
648.251000	3664
648.099000	3706
647.946000	3686
647.794000	3679
647.642000	3664
647.489000	3677
647.337000	3673
647.185000	3676
647.032000	3684
646.880000	3671
646.728000	3708
646.575000	3681
646.423000	3651
646.271000	3659
646.118000	3677
645.966000	3696
645.814000	3694
645.661000	3694
645.509000	3658
645.357000	3701
645.204000	3698
645.052000	3682
644.900000	3694
644.747000	3687
644.595000	3679
644.443000	3647
644.290000	3645
644.138000	3714
643.986000	3698
643.833000	3694
643.681000	3675
643.529000	3720
643.376000	3759
643.224000	3727
643.072000	3689
642.919000	3687
642.767000	3674
642.615000	3680
642.462000	3701
642.310000	3697
642.158000	3669
642.005000	3707
641.853000	3737
641.701000	3705
641.548000	3688
641.396000	3695
641.244000	3701
641.091000	3682
640.939000	3697
640.787000	3694
640.634000	3694
640.482000	3740
640.330000	3724
640.177000	3680
640.025000	3674
639.873000	3698
639.720000	3683
639.568000	3705
639.416000	3724
639.263000	3752
639.111000	3793
638.959000	3741
638.806000	3710
638.654000	3709
638.502000	3685
638.349000	3675
638.197000	3696
638.045000	3723
637.892000	3719
637.740000	3728
637.588000	3704
637.435000	3676
637.283000	3710
637.131000	3699
636.979000	3719
636.826000	3720
636.674000	3699
636.521000	3696
636.369000	3719
636.217000	3742
636.065000	3727
635.912000	3742
635.760000	3745
635.608000	3733
635.455000	3708
635.303000	3724
635.151000	3766
634.998000	3745
634.846000	3740
634.694000	3772
634.541000	3778
634.389000	3769
634.237000	3785
634.084000	3759
633.932000	3769
633.780000	3756
633.627000	3711
633.475000	3736
633.323000	3771
633.170000	3731
633.018000	3706
632.866000	3742
632.713000	3762
632.561000	3742
632.409000	3757
632.256000	3739
632.104000	3715
631.952000	3728
631.799000	3739
631.647000	3757
631.495000	3732
631.342000	3752
631.190000	3741
631.038000	3692
630.885000	3709
630.733000	3752
630.581000	3731
630.428000	3724
630.276000	3759
630.124000	3792
629.971000	3771
629.819000	3780
629.667000	3762
629.514000	3733
629.362000	3756
629.210000	3765
629.057000	3736
628.905000	3736
628.753000	3751
628.600000	3774
628.448000	3784
628.296000	3781
628.143000	3754
627.991000	3710
627.839000	3734
627.686000	3738
627.534000	3719
627.382000	3748
627.229000	3762
627.077000	3766
626.925000	3808
626.772000	3813
626.620000	3805
626.468000	3792
626.315000	3767
626.163000	3727
626.011000	3748
625.858000	3787
625.706000	3763
625.554000	3785
625.401000	3813
625.249000	3757
625.097000	3746
624.944000	3732
624.792000	3728
624.640000	3782
624.487000	3776
624.335000	3765
624.183000	3757
624.030000	3759
623.878000	3788
623.726000	3759
623.573000	3775
623.421000	3782
623.269000	3799
623.116000	3825
622.964000	3771
622.812000	3789
622.659000	3802
622.507000	3798
622.355000	3782
622.202000	3729
622.050000	3718
621.898000	3761
621.745000	3776
621.593000	3771
621.441000	3799
621.288000	3796
621.136000	3758
620.984000	3796
620.831000	3811
620.679000	3789
620.527000	3786
620.374000	3778
620.222000	3790
620.070000	3827
619.917000	3802
619.765000	3748
619.613000	3766
619.460000	3782
619.308000	3809
619.156000	3745
619.003000	3783
618.851000	3811
618.699000	3759
618.546000	3754
618.394000	3808
618.242000	3810
618.089000	3770
617.937000	3783
617.785000	3777
617.632000	3836
617.480000	3828
617.328000	3797
617.175000	3850
617.023000	3839
616.871000	3832
616.718000	3837
616.566000	3818
616.414000	3803
616.261000	3788
616.109000	3774
615.957000	3766
615.804000	3796
615.652000	3813
615.500000	3811
615.347000	3838
615.195000	3815
615.043000	3810
614.890000	3783
614.738000	3753
614.586000	3794
614.433000	3829
614.281000	3805
614.129000	3802
613.976000	3813
613.824000	3840
613.672000	3836
613.519000	3820
613.367000	3805
613.215000	3802
613.063000	3832
612.910000	3816
612.758000	3816
612.606000	3819
612.453000	3830
612.301000	3819
612.149000	3830
611.996000	3850
611.844000	3848
611.692000	3815
611.539000	3834
611.387000	3861
611.235000	3853
611.082000	3829
610.930000	3827
610.778000	3850
610.625000	3855
610.473000	3854
610.321000	3820
610.168000	3840
610.016000	3851
609.864000	3826
609.711000	3832
609.559000	3822
609.407000	3824
609.254000	3876
609.102000	3866
608.950000	3847
608.797000	3811
608.645000	3801
608.493000	3855
608.340000	3843
608.188000	3858
608.036000	3849
607.883000	3867
607.731000	3878
607.579000	3848
607.426000	3877
607.274000	3818
607.122000	3793
606.969000	3782
606.817000	3788
606.665000	3810
606.512000	3888
606.360000	3896
606.208000	3809
606.055000	3829
605.903000	3874
605.751000	3866
605.598000	3868
605.446000	3836
605.294000	3835
605.141000	3840
604.989000	3886
604.837000	3882
604.684000	3854
604.532000	3877
604.380000	3850
604.227000	3847
604.075000	3855
603.923000	3853
603.770000	3831
603.618000	3868
603.466000	3897
603.313000	3884
603.161000	3853
603.009000	3848
602.856000	3850
602.704000	3837
602.552000	3867
602.399000	3866
602.247000	3870
602.095000	3864
601.942000	3895
601.790000	3868
601.638000	3866
601.485000	3878
601.333000	3833
601.181000	3852
601.028000	3834
600.876000	3845
600.724000	3843
600.571000	3862
600.419000	3883
600.267000	3891
600.114000	3892
599.962000	3918
599.810000	3856
599.657000	3835
599.505000	3824
599.353000	3827
599.200000	3837
599.048000	3858
598.896000	3837
598.743000	3873
598.591000	3897
598.439000	3873
598.286000	3879
598.134000	3849
597.982000	3840
597.829000	3859
597.677000	3888
597.525000	3911
597.372000	3873
597.220000	3864
597.068000	3910
596.915000	3886
596.763000	3856
596.611000	3830
596.458000	3842
596.306000	3827
596.154000	3834
596.001000	3888
595.849000	3875
595.697000	3874
595.544000	3863
595.392000	3849
595.240000	3833
595.087000	3871
594.935000	3891
594.783000	3879
594.630000	3907
594.478000	3892
594.326000	3874
594.173000	3882
594.021000	3896
593.869000	3864
593.716000	3885
593.564000	3887
593.412000	3854
593.259000	3859
593.107000	3880
592.955000	3920
592.802000	3925
592.650000	3892
592.498000	3842
592.345000	3860
592.193000	3854
592.041000	3891
591.888000	3895
591.736000	3898
591.584000	3883
591.431000	3917
591.279000	3913
591.127000	3855
590.974000	3864
590.822000	3854
590.670000	3822
590.517000	3883
590.365000	3926
590.213000	3889
590.060000	3887
589.908000	3899
589.756000	3919
589.603000	3857
589.451000	3852
589.299000	3828
589.146000	3846
588.994000	3868
588.842000	3878
588.689000	3876
588.537000	3893
588.385000	3880
588.233000	3883
588.080000	3884
587.928000	3868
587.776000	3847
587.623000	3904
587.471000	3886
587.319000	3895
587.166000	3908
587.014000	3909
586.862000	3878
586.709000	3853
586.557000	3865
586.405000	3845
586.252000	3868
586.100000	3847
585.948000	3869
585.795000	3924
585.643000	3918
585.491000	3919
585.338000	3899
585.186000	3870
585.034000	3857
584.881000	3815
584.729000	3846
584.577000	3866
584.424000	3840
584.272000	3854
584.120000	3865
583.967000	3865
583.815000	3906
583.663000	3897
583.510000	3920
583.358000	3897
583.206000	3907
583.053000	3877
582.901000	3880
582.749000	3916
582.596000	3876
582.444000	3885
582.292000	3873
582.139000	3901
581.987000	3908
581.835000	3908
581.682000	3960
581.530000	3914
581.378000	3888
581.225000	3896
581.073000	3878
580.921000	3858
580.768000	3872
580.616000	3925
580.464000	3865
580.311000	3839
580.159000	3845
580.007000	3874
579.854000	3858
579.702000	3867
579.550000	3878
579.397000	3863
579.245000	3854
579.093000	3858
578.940000	3821
578.788000	3825
578.636000	3882
578.483000	3871
578.331000	3882
578.179000	3885
578.026000	3885
577.874000	3897
577.722000	3898
577.569000	3871
577.417000	3849
577.265000	3870
577.112000	3870
576.960000	3859
576.810000	3858
576.660000	3897
576.510000	3904
576.360000	3885
576.210000	3868
576.060000	3862
575.910000	3857
575.760000	3879
575.610000	3896
575.460000	3893
575.311000	3884
575.161000	3820
575.011000	3860
574.861000	3838
574.711000	3858
574.561000	3918
574.411000	3835
574.261000	3823
574.111000	3887
573.961000	3904
573.811000	3891
573.661000	3863
573.511000	3879
573.361000	3879
573.211000	3885
573.061000	3896
572.911000	3863
572.761000	3836
572.611000	3836
572.461000	3832
572.312000	3877
572.162000	3872
572.012000	3884
571.862000	3889
571.712000	3878
571.562000	3863
571.412000	3872
571.262000	3863
571.112000	3852
570.962000	3853
570.812000	3867
570.662000	3824
570.512000	3835
570.362000	3862
570.212000	3864
570.062000	3796
569.912000	3846
569.762000	3846
569.612000	3803
569.462000	3855
569.312000	3902
569.163000	3854
569.013000	3845
568.863000	3872
568.713000	3853
568.563000	3835
568.413000	3852
568.263000	3823
568.113000	3839
567.963000	3860
567.813000	3872
567.663000	3841
567.513000	3846
567.363000	3834
567.213000	3830
567.063000	3844
566.913000	3866
566.763000	3839
566.613000	3825
566.463000	3873
566.313000	3846
566.164000	3849
566.014000	3862
565.864000	3854
565.714000	3874
565.564000	3884
565.414000	3844
565.264000	3862
565.114000	3877
564.964000	3866
564.814000	3833
564.664000	3873
564.514000	3868
564.364000	3856
564.214000	3815
564.064000	3843
563.914000	3821
563.764000	3817
563.614000	3849
563.464000	3881
563.314000	3892
563.164000	3876
563.015000	3864
562.865000	3871
562.715000	3826
562.565000	3871
562.415000	3870
562.265000	3841
562.115000	3871
561.965000	3869
561.815000	3892
561.665000	3877
561.515000	3848
561.365000	3870
561.215000	3849
561.065000	3836
560.915000	3882
560.765000	3898
560.615000	3851
560.465000	3834
560.315000	3852
560.165000	3838
560.015000	3876
559.866000	3849
559.716000	3816
559.566000	3831
559.416000	3866
559.266000	3909
559.116000	3900
558.966000	3853
558.816000	3905
558.666000	3934
558.516000	3898
558.366000	3868
558.216000	3888
558.066000	3909
557.916000	3863
557.766000	3856
557.616000	3866
557.466000	3846
557.316000	3859
557.166000	3875
557.016000	3853
556.866000	3827
556.717000	3859
556.567000	3855
556.417000	3877
556.267000	3929
556.117000	3887
555.967000	3843
555.817000	3846
555.667000	3894
555.517000	3909
555.367000	3851
555.217000	3868
555.067000	3860
554.917000	3831
554.767000	3843
554.617000	3874
554.467000	3859
554.317000	3879
554.167000	3896
554.017000	3908
553.867000	3866
553.718000	3872
553.568000	3840
553.418000	3877
553.268000	3879
553.118000	3832
552.968000	3838
552.818000	3860
552.668000	3900
552.518000	3840
552.368000	3795
552.218000	3857
552.068000	3831
551.918000	3838
551.768000	3913
551.618000	3920
551.468000	3866
551.318000	3870
551.168000	3889
551.018000	3844
550.868000	3824
550.718000	3827
550.569000	3843
550.419000	3878
550.269000	3908
550.119000	3882
549.969000	3842
549.819000	3802
549.669000	3871
549.519000	3851
549.369000	3822
549.219000	3852
549.069000	3919
548.919000	3862
548.769000	3858
548.619000	3884
548.469000	3891
548.319000	3902
548.169000	3845
548.019000	3786
547.869000	3860
547.719000	3889
547.570000	3869
547.420000	3874
547.270000	3848
547.120000	3855
546.970000	3879
546.820000	3887
546.670000	3853
546.520000	3836
546.370000	3861
546.220000	3840
546.070000	3860
545.923000	3876
545.777000	3816
545.630000	3827
545.484000	3850
545.337000	3855
545.191000	3861
545.044000	3835
544.897000	3829
544.751000	3855
544.604000	3830
544.458000	3854
544.311000	3906
544.164000	3873
544.018000	3849
543.871000	3839
543.725000	3811
543.578000	3841
543.432000	3857
543.285000	3880
543.138000	3872
542.992000	3832
542.845000	3818
542.699000	3817
542.552000	3879
542.405000	3904
542.259000	3835
542.112000	3790
541.966000	3806
541.819000	3830
541.673000	3823
541.526000	3838
541.379000	3872
541.233000	3852
541.086000	3811
540.940000	3850
540.793000	3834
540.646000	3799
540.500000	3843
540.353000	3868
540.207000	3846
540.060000	3822
539.914000	3830
539.767000	3838
539.620000	3855
539.474000	3860
539.327000	3802
539.181000	3832
539.034000	3833
538.887000	3834
538.741000	3826
538.594000	3826
538.448000	3853
538.301000	3857
538.155000	3790
538.008000	3822
537.861000	3867
537.715000	3805
537.568000	3798
537.422000	3823
537.275000	3831
537.128000	3868
536.982000	3868
536.835000	3807
536.689000	3806
536.542000	3804
536.396000	3785
536.249000	3776
536.102000	3800
535.956000	3810
535.809000	3798
535.663000	3817
535.516000	3852
535.369000	3835
535.223000	3841
535.076000	3841
534.930000	3832
534.783000	3838
534.637000	3858
534.490000	3874
534.343000	3877
534.197000	3840
534.050000	3848
533.904000	3859
533.757000	3806
533.610000	3778
533.464000	3791
533.317000	3803
533.171000	3821
533.024000	3860
532.878000	3864
532.731000	3843
532.584000	3851
532.438000	3835
532.291000	3824
532.145000	3810
531.998000	3838
531.851000	3829
531.705000	3812
531.558000	3805
531.412000	3784
531.265000	3805
531.119000	3848
530.972000	3829
530.825000	3825
530.679000	3800
530.532000	3775
530.386000	3813
530.239000	3845
530.093000	3846
529.946000	3819
529.799000	3832
529.653000	3843
529.506000	3843
529.360000	3843
529.213000	3843
529.066000	3857
528.920000	3813
528.773000	3823
528.627000	3842
528.480000	3848
528.334000	3853
528.187000	3864
528.040000	3859
527.894000	3809
527.747000	3811
527.601000	3829
527.454000	3844
527.307000	3858
527.161000	3850
527.014000	3831
526.868000	3856
526.721000	3863
526.575000	3866
526.428000	3859
526.281000	3843
526.135000	3845
525.988000	3831
525.842000	3843
525.695000	3867
525.548000	3857
525.402000	3842
525.255000	3826
525.109000	3822
524.962000	3820
524.816000	3822
524.669000	3822
524.522000	3804
524.376000	3809
524.229000	3819
524.083000	3848
523.936000	3876
523.789000	3868
523.643000	3870
523.496000	3839
523.350000	3810
523.203000	3805
523.057000	3829
522.910000	3830
522.763000	3823
522.617000	3823
522.470000	3813
522.324000	3809
522.177000	3785
522.030000	3793
521.884000	3821
521.737000	3818
521.591000	3789
521.444000	3767
521.298000	3793
521.151000	3827
521.004000	3824
520.858000	3869
520.711000	3812
520.565000	3768
520.418000	3809
520.271000	3801
520.125000	3803
519.978000	3811
519.832000	3819
519.685000	3795
519.539000	3814
519.392000	3872
519.245000	3843
519.099000	3840
518.952000	3806
518.806000	3776
518.659000	3801
518.513000	3833
518.366000	3837
518.219000	3816
518.073000	3797
517.926000	3811
517.780000	3779
517.633000	3777
517.486000	3815
517.340000	3819
517.193000	3810
517.047000	3803
516.900000	3806
516.754000	3788
516.607000	3817
516.460000	3783
516.314000	3803
516.167000	3812
516.021000	3767
515.874000	3787
515.727000	3788
515.581000	3791
515.434000	3790
515.288000	3803
515.141000	3805
514.995000	3784
514.848000	3785
514.701000	3780
514.555000	3795
514.408000	3782
514.262000	3771
514.115000	3792
513.968000	3824
513.822000	3799
513.675000	3812
513.529000	3786
513.382000	3738
513.236000	3750
513.089000	3798
512.942000	3801
512.796000	3794
512.649000	3793
512.503000	3793
512.356000	3780
512.209000	3765
512.063000	3761
511.916000	3788
511.770000	3783
511.623000	3750
511.477000	3778
511.330000	3801
511.183000	3801
511.037000	3778
510.890000	3741
510.744000	3771
510.597000	3747
510.450000	3775
510.304000	3765
510.157000	3777
510.011000	3813
509.864000	3780
509.718000	3764
509.571000	3785
509.424000	3793
509.278000	3792
509.131000	3766
508.985000	3765
508.838000	3769
508.691000	3761
508.545000	3731
508.398000	3745
508.252000	3811
508.105000	3815
507.959000	3739
507.812000	3724
507.665000	3751
507.519000	3736
507.372000	3721
507.226000	3736
507.079000	3762
506.932000	3751
506.786000	3708
506.639000	3748
506.493000	3760
506.346000	3736
506.200000	3721
506.053000	3728
505.906000	3773
505.760000	3722
505.613000	3699
505.467000	3746
505.320000	3738
505.173000	3707
505.027000	3705
504.880000	3685
504.734000	3709
504.587000	3714
504.441000	3705
504.294000	3713
504.147000	3765
504.001000	3754
503.854000	3756
503.708000	3739
503.561000	3753
503.415000	3721
503.268000	3708
503.121000	3702
502.975000	3732
502.828000	3723
502.682000	3705
502.535000	3736
502.388000	3685
502.242000	3704
502.095000	3730
501.949000	3732
501.802000	3716
501.656000	3746
501.509000	3740
501.362000	3751
501.216000	3727
501.069000	3719
500.923000	3715
500.776000	3730
500.629000	3714
500.483000	3728
500.336000	3767
500.190000	3719
500.043000	3669
499.897000	3684
499.750000	3694
499.603000	3703
499.457000	3722
499.310000	3699
499.164000	3685
499.017000	3694
498.870000	3683
498.724000	3674
498.577000	3675
498.431000	3701
498.284000	3698
498.138000	3694
497.991000	3692
497.844000	3671
497.698000	3690
497.551000	3718
497.405000	3682
497.258000	3683
497.111000	3700
496.965000	3704
496.818000	3673
496.672000	3628
496.525000	3655
496.379000	3687
496.232000	3673
496.085000	3668
495.939000	3641
495.792000	3651
495.646000	3685
495.499000	3686
495.352000	3664
495.206000	3690
495.059000	3674
494.913000	3662
494.766000	3663
494.620000	3627
494.473000	3656
494.326000	3663
494.180000	3695
494.033000	3684
493.887000	3685
493.740000	3661
493.593000	3668
493.447000	3654
493.300000	3646
493.154000	3660
493.007000	3652
492.861000	3651
492.714000	3641
492.567000	3648
492.421000	3685
492.274000	3676
492.128000	3676
491.981000	3648
491.834000	3655
491.688000	3656
491.541000	3645
491.395000	3619
491.248000	3642
491.102000	3638
490.955000	3656
490.808000	3683
490.662000	3639
490.515000	3613
490.369000	3585
490.222000	3621
490.076000	3667
489.929000	3626
489.782000	3638
489.636000	3647
489.489000	3637
489.343000	3638
489.196000	3654
489.049000	3625
488.903000	3637
488.756000	3606
488.610000	3598
488.463000	3641
488.317000	3646
488.170000	3622
488.023000	3627
487.877000	3668
487.730000	3654
487.584000	3634
487.437000	3635
487.290000	3615
487.144000	3593
486.997000	3658
486.851000	3657
486.704000	3646
486.558000	3620
486.411000	3600
486.264000	3604
486.118000	3656
485.971000	3664
485.825000	3634
485.678000	3589
485.531000	3607
485.385000	3660
485.238000	3635
485.092000	3599
484.945000	3624
484.799000	3640
484.652000	3606
484.505000	3607
484.359000	3631
484.212000	3650
484.066000	3655
483.919000	3647
483.772000	3643
483.626000	3656
483.479000	3669
483.333000	3639
483.186000	3649
483.040000	3624
482.893000	3624
482.746000	3641
482.600000	3665
482.453000	3628
482.307000	3614
482.160000	3638
482.013000	3643
481.867000	3592
481.720000	3597
481.574000	3623
481.427000	3610
481.281000	3607
481.134000	3631
480.987000	3654
480.841000	3657
480.694000	3628
480.548000	3654
480.401000	3659
480.254000	3644
480.108000	3649
479.961000	3663
479.815000	3676
479.668000	3700
479.522000	3697
479.375000	3699
479.228000	3670
479.082000	3616
478.935000	3585
478.789000	3606
478.642000	3595
478.495000	3612
478.349000	3621
478.202000	3635
478.056000	3641
477.909000	3639
477.763000	3632
477.616000	3601
477.469000	3611
477.323000	3662
477.176000	3661
477.030000	3677
476.883000	3682
476.736000	3666
476.590000	3661
476.443000	3667
476.297000	3655
476.150000	3644
476.004000	3652
475.857000	3638
475.710000	3640
475.564000	3645
475.417000	3690
475.271000	3726
475.124000	3672
474.978000	3644
474.831000	3641
474.684000	3666
474.538000	3695
474.391000	3684
474.245000	3642
474.098000	3676
473.951000	3684
473.805000	3672
473.658000	3691
473.512000	3669
473.365000	3661
473.219000	3703
473.072000	3688
472.925000	3691
472.779000	3727
472.632000	3697
472.486000	3683
472.339000	3716
472.192000	3684
472.046000	3668
471.899000	3650
471.753000	3682
471.606000	3719
471.460000	3701
471.313000	3682
471.166000	3717
471.020000	3731
470.873000	3730
470.727000	3730
470.580000	3740
470.433000	3699
470.287000	3682
470.140000	3713
469.994000	3733
469.847000	3755
469.701000	3760
469.554000	3759
469.407000	3752
469.261000	3724
469.114000	3698
468.968000	3707
468.821000	3754
468.674000	3729
468.528000	3749
468.381000	3788
468.235000	3795
468.088000	3777
467.942000	3741
467.795000	3777
467.648000	3816
467.502000	3744
467.355000	3744
467.209000	3784
467.062000	3781
466.915000	3807
466.769000	3772
466.622000	3764
466.476000	3813
466.329000	3808
466.183000	3778
466.036000	3795
465.889000	3744
465.743000	3773
465.596000	3832
465.450000	3850
465.303000	3821
465.156000	3786
465.010000	3804
464.863000	3814
464.717000	3786
464.570000	3777
464.424000	3800
464.277000	3784
464.130000	3760
463.984000	3810
463.837000	3815
463.691000	3805
463.544000	3835
463.397000	3847
463.251000	3817
463.104000	3823
462.958000	3812
462.811000	3819
462.665000	3816
462.518000	3829
462.371000	3854
462.225000	3820
462.078000	3886
461.932000	3914
461.785000	3886
461.639000	3904
461.492000	3930
461.345000	3904
461.199000	3904
461.052000	3930
460.906000	3939
460.759000	3953
460.612000	3940
460.466000	3948
460.319000	3950
460.173000	3936
460.026000	3911
459.880000	3911
459.733000	3974
459.586000	3980
459.440000	3966
459.293000	3966
459.147000	4002
459.000000	3979
458.853000	3939
458.707000	3980
458.560000	4030
458.414000	4031
458.267000	4032
458.121000	4036
457.974000	4034
457.827000	4021
457.681000	4016
457.534000	4022
457.388000	4029
457.241000	4031
457.094000	4050
456.948000	4085
456.801000	4079
456.655000	4108
456.508000	4144
456.362000	4132
456.215000	4066
456.068000	4012
455.922000	4089
455.775000	4140
455.629000	4111
455.482000	4120
455.335000	4146
455.189000	4140
455.042000	4174
454.896000	4158
454.749000	4163
454.603000	4092
454.456000	4125
454.309000	4185
454.163000	4131
454.016000	4096
453.870000	4097
453.723000	4153
453.576000	4166
453.430000	4168
453.283000	4170
453.137000	4154
452.990000	4144
452.844000	4137
452.697000	4128
452.550000	4172
452.404000	4153
452.257000	4085
452.111000	4126
451.964000	4159
451.817000	4162
451.671000	4140
451.524000	4102
451.378000	4094
451.231000	4089
451.085000	4090
450.938000	4121
450.791000	4087
450.645000	4052
450.498000	4078
450.352000	4097
450.205000	4074
450.058000	4050
449.912000	4038
449.765000	4037
449.619000	4091
449.472000	4037
449.326000	4032
449.179000	4043
449.032000	4030
448.886000	3978
448.739000	3983
448.593000	3993
448.446000	3974
448.300000	3960
448.153000	3967
448.006000	3941
447.860000	3948
447.713000	3943
447.567000	3941
447.420000	3887
447.273000	3923
447.127000	3931
446.980000	3873
446.834000	3885
446.687000	3861
446.541000	3883
446.394000	3900
446.247000	3899
446.101000	3892
445.954000	3851
445.808000	3843
445.661000	3834
445.514000	3861
445.368000	3860
445.221000	3827
445.075000	3808
444.928000	3794
444.782000	3809
444.635000	3788
444.488000	3785
444.342000	3786
444.195000	3760
444.049000	3767
443.902000	3770
443.755000	3757
443.609000	3773
443.462000	3776
443.316000	3776
443.169000	3740
443.023000	3740
442.876000	3748
442.729000	3726
442.583000	3740
442.436000	3739
442.290000	3723
442.143000	3730
441.996000	3720
441.850000	3720
441.703000	3713
441.557000	3701
441.410000	3696
441.264000	3697
441.117000	3701
440.970000	3733
440.824000	3757
440.677000	3758
440.531000	3741
440.384000	3686
440.237000	3647
440.091000	3672
439.944000	3639
439.798000	3657
439.651000	3670
439.505000	3679
439.358000	3673
439.211000	3667
439.065000	3705
438.918000	3696
438.772000	3670
438.625000	3652
438.478000	3674
438.332000	3688
438.185000	3646
438.039000	3659
437.892000	3641
437.746000	3633
437.599000	3654
437.452000	3625
437.306000	3651
437.159000	3632
437.013000	3610
436.866000	3642
436.719000	3681
436.573000	3652
436.426000	3613
436.280000	3650
436.133000	3647
435.987000	3604
435.840000	3611
435.697000	3631
435.554000	3634
435.411000	3647
435.268000	3631
435.125000	3640
434.982000	3644
434.839000	3628
434.696000	3616
434.553000	3570
434.410000	3553
434.267000	3606
434.124000	3622
433.981000	3605
433.838000	3631
433.695000	3649
433.552000	3597
433.409000	3573
433.265000	3590
433.122000	3577
432.979000	3609
432.836000	3604
432.693000	3596
432.550000	3585
432.407000	3645
432.264000	3606
432.121000	3615
431.978000	3599
431.835000	3563
431.692000	3546
431.549000	3560
431.406000	3556
431.263000	3574
431.120000	3574
430.977000	3563
430.834000	3602
430.691000	3604
430.548000	3599
430.405000	3568
430.262000	3573
430.119000	3548
429.976000	3523
429.833000	3573
429.690000	3594
429.547000	3575
429.404000	3545
429.261000	3537
429.118000	3582
428.975000	3533
428.832000	3506
428.689000	3484
428.546000	3534
428.403000	3560
428.260000	3560
428.117000	3571
427.973000	3549
427.830000	3553
427.687000	3576
427.544000	3540
427.401000	3564
427.258000	3555
427.115000	3541
426.972000	3544
426.829000	3560
426.686000	3554
426.543000	3548
426.400000	3544
426.257000	3518
426.114000	3520
425.971000	3566
425.828000	3531
425.685000	3512
425.542000	3559
425.399000	3571
425.256000	3544
425.113000	3550
424.970000	3541
424.827000	3544
424.684000	3533
424.541000	3507
424.398000	3526
424.255000	3499
424.112000	3542
423.969000	3526
423.826000	3531
423.683000	3560
423.540000	3517
423.397000	3500
423.254000	3526
423.111000	3500
422.968000	3519
422.825000	3569
422.681000	3544
422.538000	3514
422.395000	3524
422.252000	3523
422.109000	3530
421.966000	3480
421.823000	3489
421.680000	3491
421.537000	3493
421.394000	3518
421.251000	3546
421.108000	3541
420.965000	3508
420.822000	3534
420.679000	3542
420.536000	3489
420.393000	3520
420.250000	3554
420.107000	3543
419.964000	3495
419.821000	3504
419.678000	3541
419.535000	3560
419.392000	3514
419.249000	3483
419.106000	3471
418.963000	3518
418.820000	3523
418.677000	3510
418.534000	3535
418.391000	3551
418.248000	3517
418.105000	3503
417.962000	3513
417.819000	3506
417.676000	3493
417.532000	3518
417.389000	3524
417.246000	3522
417.103000	3545
416.960000	3538
416.817000	3503
416.674000	3524
416.531000	3540
416.388000	3469
416.245000	3496
416.102000	3487
415.959000	3467
415.816000	3493
415.673000	3505
415.530000	3516
415.387000	3529
415.244000	3520
415.101000	3515
414.958000	3510
414.815000	3520
414.672000	3503
414.529000	3511
414.386000	3525
414.243000	3496
414.100000	3494
413.957000	3513
413.814000	3484
413.671000	3512
413.528000	3535
413.385000	3522
413.242000	3525
413.099000	3515
412.956000	3513
412.813000	3523
412.670000	3558
412.527000	3529
412.383000	3537
412.240000	3536
412.097000	3527
411.954000	3525
411.811000	3496
411.668000	3513
411.525000	3518
411.382000	3530
411.239000	3531
411.096000	3495
410.953000	3486
410.810000	3471
410.667000	3484
410.524000	3476
410.381000	3483
410.238000	3488
410.095000	3475
409.952000	3461
409.809000	3476
409.666000	3484
409.523000	3523
409.380000	3492
409.237000	3479
409.094000	3523
408.951000	3507
408.808000	3512
408.665000	3528
408.522000	3513
408.379000	3524
408.236000	3513
408.093000	3498
407.950000	3494
407.807000	3511
407.664000	3484
407.521000	3460
407.378000	3471
407.235000	3535
407.091000	3538
406.948000	3551
406.805000	3536
406.662000	3513
406.519000	3473
406.376000	3514
406.233000	3531
406.090000	3525
405.947000	3543
405.804000	3545
405.661000	3516
405.518000	3506
405.375000	3488
405.232000	3485
405.089000	3454
404.946000	3486
404.803000	3526
404.660000	3542
404.521000	3534
404.382000	3508
404.243000	3525
404.104000	3535
403.965000	3526
403.826000	3507
403.687000	3509
403.549000	3524
403.410000	3516
403.271000	3487
403.132000	3452
402.993000	3445
402.854000	3491
402.715000	3502
402.576000	3545
402.437000	3499
402.298000	3464
402.159000	3489
402.020000	3503
401.881000	3522
401.742000	3552
401.603000	3527
401.464000	3527
401.326000	3517
401.187000	3508
401.048000	3475
400.909000	3499
400.770000	3513
400.631000	3492
400.492000	3483
400.353000	3483
400.214000	3478
400.075000	3486
399.936000	3503
399.797000	3507
399.658000	3500
399.519000	3520
399.380000	3511
399.241000	3509
399.103000	3518
398.964000	3554
398.825000	3528
398.686000	3508
398.547000	3502
398.408000	3501
398.269000	3483
398.130000	3497
397.991000	3515
397.852000	3514
397.713000	3502
397.574000	3513
397.435000	3511
397.296000	3540
397.157000	3537
397.019000	3510
396.880000	3484
396.741000	3512
396.602000	3534
396.463000	3531
396.324000	3521
396.185000	3511
396.046000	3502
395.907000	3492
395.768000	3486
395.629000	3430
395.490000	3460
395.351000	3509
395.212000	3492
395.073000	3519
394.934000	3548
394.796000	3527
394.657000	3516
394.518000	3508
394.379000	3524
394.240000	3496
394.101000	3500
393.962000	3515
393.823000	3478
393.684000	3475
393.545000	3507
393.406000	3520
393.267000	3510
393.128000	3496
392.989000	3475
392.850000	3436
392.711000	3468
392.573000	3510
392.434000	3493
392.295000	3488
392.156000	3519
392.017000	3513
391.878000	3509
391.739000	3521
391.600000	3530
391.461000	3515
391.322000	3475
391.183000	3475
391.044000	3504
390.905000	3488
390.766000	3488
390.627000	3503
390.489000	3520
390.350000	3539
390.211000	3490
390.072000	3494
389.933000	3519
389.794000	3523
389.655000	3551
389.516000	3529
389.377000	3494
389.238000	3490
389.099000	3482
388.960000	3475
388.821000	3457
388.682000	3470
388.543000	3501
388.404000	3510
388.266000	3507
388.127000	3557
387.988000	3562
387.849000	3504
387.710000	3503
387.571000	3496
387.432000	3492
387.293000	3467
387.154000	3479
387.015000	3483
386.876000	3474
386.737000	3494
386.598000	3485
386.459000	3506
386.320000	3514
386.181000	3505
386.043000	3489
385.904000	3545
385.765000	3524
385.626000	3493
385.487000	3490
385.348000	3493
385.209000	3508
385.070000	3486
384.931000	3516
384.792000	3506
384.653000	3477
384.514000	3495
384.375000	3466
384.236000	3463
384.097000	3498
383.959000	3491
383.820000	3515
383.681000	3523
383.542000	3484
383.403000	3463
383.264000	3492
383.125000	3490
382.986000	3492
382.847000	3466
382.708000	3496
382.569000	3518
382.430000	3516
382.291000	3492
382.152000	3503
382.013000	3464
381.874000	3445
381.736000	3477
381.597000	3502
381.458000	3513
381.319000	3488
381.180000	3478
381.041000	3464
380.902000	3474
380.763000	3510
380.624000	3493
380.485000	3477
380.346000	3499
380.207000	3509
380.068000	3464
379.929000	3495
379.790000	3529
379.651000	3515
379.513000	3504
379.374000	3481
379.235000	3478
379.096000	3482
378.957000	3488
378.818000	3471
378.679000	3518
378.540000	3528
378.401000	3514
378.262000	3543
378.123000	3537
377.984000	3502
377.845000	3491
377.706000	3485
377.567000	3454
377.429000	3460
377.290000	3516
377.151000	3540
377.012000	3514
376.873000	3507
376.734000	3532
376.595000	3499
376.456000	3498
376.317000	3516
376.178000	3484
376.039000	3468
375.900000	3502
375.761000	3489
375.622000	3481
375.483000	3517
375.344000	3492
375.206000	3463
375.067000	3481
374.928000	3518
374.789000	3521
374.650000	3495
374.511000	3484
374.372000	3487
374.233000	3485
374.094000	3499
373.955000	3488
373.816000	3455
373.677000	3480
373.538000	3517
373.399000	3521
373.260000	3511
373.121000	3470
372.983000	3490
372.844000	3489
372.705000	3484
372.566000	3519
372.427000	3504
372.288000	3493
372.149000	3492
372.010000	3484
371.871000	3493
371.732000	3512
371.593000	3520
371.454000	3502
371.315000	3494
371.176000	3507
371.037000	3461
370.899000	3447
370.760000	3475
370.621000	3520
370.482000	3521
370.343000	3501
370.204000	3512
370.065000	3496
369.926000	3483
369.787000	3479
369.648000	3499
369.509000	3506
369.370000	3490
369.231000	3485
369.092000	3501
368.953000	3515
368.814000	3507
368.676000	3512
368.537000	3512
368.398000	3489
368.259000	3506
368.120000	3494
367.981000	3510
367.842000	3494
367.703000	3504
367.564000	3498
367.425000	3513
367.286000	3552
367.147000	3542
367.008000	3470
366.869000	3478
366.730000	3537
366.591000	3525
366.453000	3459
366.314000	3474
366.175000	3514
366.036000	3543
365.897000	3568
365.758000	3549
365.619000	3497
365.480000	3498
365.342000	3495
365.203000	3495
365.065000	3516
364.926000	3526
364.788000	3482
364.650000	3486
364.511000	3520
364.373000	3494
364.235000	3461
364.096000	3456
363.958000	3446
363.819000	3482
363.681000	3500
363.543000	3503
363.404000	3508
363.266000	3511
363.127000	3507
362.989000	3494
362.851000	3485
362.712000	3489
362.574000	3500
362.435000	3501
362.297000	3501
362.159000	3509
362.020000	3482
361.882000	3530
361.744000	3534
361.605000	3484
361.467000	3495
361.328000	3503
361.190000	3499
361.052000	3495
360.913000	3504
360.775000	3519
360.636000	3507
360.498000	3494
360.360000	3487
360.221000	3450
360.083000	3469
359.945000	3502
359.806000	3477
359.668000	3509
359.529000	3515
359.391000	3511
359.253000	3510
359.114000	3497
358.976000	3500
358.837000	3495
358.699000	3505
358.561000	3496
358.422000	3518
358.284000	3497
358.146000	3487
358.007000	3474
357.869000	3498
357.730000	3482
357.592000	3502
357.454000	3512
357.315000	3481
357.177000	3474
357.038000	3486
356.900000	3483
356.762000	3470
356.623000	3504
356.485000	3514
356.347000	3533
356.208000	3513
356.070000	3493
355.931000	3502
355.793000	3477
355.655000	3454
355.516000	3468
355.378000	3488
355.239000	3498
355.101000	3451
354.963000	3498
354.824000	3485
354.686000	3494
354.547000	3457
354.409000	3441
354.271000	3479
354.132000	3509
353.994000	3507
353.856000	3504
353.717000	3519
353.579000	3542
353.440000	3493
353.302000	3500
353.164000	3497
353.025000	3499
352.887000	3485
352.748000	3523
352.610000	3509
352.472000	3490
352.333000	3526
352.195000	3503
352.057000	3493
351.918000	3505
351.780000	3516
351.641000	3506
351.503000	3498
351.365000	3528
351.226000	3532
351.088000	3511
350.949000	3506
350.811000	3492
350.673000	3483
350.534000	3484
350.396000	3492
350.258000	3480
350.119000	3484
349.981000	3535
349.842000	3535
349.704000	3530
349.566000	3508
349.427000	3491
349.289000	3514
349.150000	3508
349.012000	3494
348.874000	3495
348.735000	3483
348.597000	3468
348.458000	3505
348.320000	3495
348.182000	3488
348.043000	3468
347.905000	3496
347.767000	3498
347.628000	3486
347.490000	3520
347.351000	3515
347.213000	3501
347.075000	3495
346.936000	3504
346.798000	3496
346.659000	3462
346.521000	3439
346.383000	3440
346.244000	3480
346.106000	3497
345.968000	3507
345.829000	3506
345.691000	3540
345.552000	3532
345.414000	3527
345.276000	3474
345.137000	3454
344.999000	3474
344.860000	3457
344.722000	3483
344.584000	3512
344.445000	3513
344.307000	3498
344.169000	3503
344.030000	3523
343.892000	3506
343.753000	3481
343.615000	3490
343.477000	3493
343.338000	3495
343.200000	3476
343.061000	3479
342.923000	3536
342.785000	3528
342.646000	3482
342.508000	3480
342.370000	3476
342.231000	3458
342.093000	3474
341.954000	3499
341.816000	3528
341.678000	3523
341.539000	3497
341.401000	3503
341.262000	3463
341.124000	3457
340.986000	3468
340.847000	3501
340.709000	3516
340.570000	3499
340.432000	3502
340.294000	3505
340.155000	3516
340.017000	3475
339.879000	3449
339.740000	3507
339.602000	3506
339.463000	3519
339.325000	3501
339.187000	3495
339.048000	3523
338.910000	3527
338.771000	3526
338.633000	3510
338.495000	3500
338.356000	3476
338.218000	3475
338.080000	3480
337.941000	3479
337.803000	3475
337.664000	3498
337.526000	3504
337.388000	3508
337.249000	3507
337.111000	3520
336.972000	3525
336.834000	3492
336.696000	3490
336.557000	3492
336.419000	3481
336.281000	3500
336.142000	3509
336.004000	3525
335.865000	3486
335.727000	3469
335.589000	3488
335.450000	3466
335.312000	3467
335.173000	3483
335.035000	3486
334.897000	3465
334.758000	3518
334.620000	3503
334.481000	3468
334.343000	3496
334.205000	3508
334.066000	3503
333.928000	3487
333.790000	3490
333.651000	3502
333.513000	3513
333.374000	3537
333.236000	3539
333.098000	3480
332.959000	3480
332.821000	3473
332.682000	3460
332.544000	3460
332.406000	3499
332.267000	3527
332.129000	3493
331.991000	3502
331.852000	3527
331.714000	3504
331.575000	3463
331.437000	3492
331.299000	3492
331.160000	3520
331.022000	3513
330.883000	3507
330.745000	3469
330.607000	3472
330.468000	3478
330.330000	3506
330.192000	3526
330.053000	3515
329.915000	3510
329.776000	3512
329.638000	3520
329.500000	3501
329.361000	3478
329.223000	3499
329.084000	3501
328.946000	3492
328.808000	3499
328.669000	3516
328.531000	3460
328.392000	3475
328.254000	3488
328.116000	3497
327.977000	3497
327.839000	3495
327.701000	3496
327.562000	3493
327.424000	3505
327.285000	3479
327.147000	3502
327.009000	3508
326.870000	3502
326.732000	3502
326.593000	3531
326.455000	3527
326.317000	3476
326.178000	3477
326.040000	3462
325.902000	3483
325.763000	3518
325.625000	3497
325.486000	3506
325.348000	3540
325.210000	3502
325.071000	3482
324.933000	3439
324.794000	3473
324.656000	3510
324.518000	3513
324.379000	3509
324.241000	3519
324.103000	3541
323.964000	3537
323.826000	3509
323.687000	3477
323.549000	3478
323.411000	3494
323.272000	3505
323.134000	3492
322.995000	3527
322.857000	3528
322.719000	3487
322.580000	3499
322.442000	3536
322.303000	3472
322.165000	3510
322.027000	3507
321.888000	3479
321.750000	3486
321.612000	3501
321.473000	3516
321.335000	3530
321.196000	3537
321.058000	3494
320.920000	3472
320.781000	3478
320.643000	3483
320.504000	3468
320.366000	3466
320.228000	3500
320.089000	3480
319.951000	3476
319.813000	3468
319.674000	3471
319.536000	3462
319.397000	3523
319.259000	3512
319.121000	3495
318.982000	3468
318.844000	3458
318.705000	3512
318.567000	3507
318.429000	3492
318.290000	3507
318.152000	3489
318.014000	3507
317.875000	3503
317.737000	3526
317.598000	3556
317.460000	3504
317.322000	3493
317.183000	3520
317.045000	3489
316.906000	3489
316.768000	3490
316.630000	3505
316.491000	3525
316.353000	3526
316.214000	3527
316.076000	3502
315.938000	3484
315.799000	3506
315.661000	3504
315.523000	3478
315.384000	3472
315.246000	3459
315.107000	3473
314.969000	3502
314.831000	3478
314.692000	3451
314.554000	3458
314.415000	3483
314.277000	3534
314.139000	3516
314.000000	3484
313.862000	3453
313.724000	3471
313.585000	3493
313.447000	3495
313.308000	3484
313.170000	3536
313.036000	3533
312.902000	3507
312.768000	3504
312.634000	3514
312.500000	3489
312.366000	3506
312.232000	3472
312.098000	3487
311.964000	3529
311.829000	3493
311.695000	3474
311.561000	3485
311.427000	3470
311.293000	3473
311.159000	3440
311.025000	3447
310.891000	3467
310.757000	3468
310.623000	3487
310.489000	3482
310.355000	3499
310.221000	3474
310.087000	3472
309.953000	3496
309.819000	3491
309.685000	3488
309.551000	3480
309.416000	3475
309.282000	3513
309.148000	3524
309.014000	3511
308.880000	3457
308.746000	3459
308.612000	3465
308.478000	3512
308.344000	3538
308.210000	3485
308.076000	3492
307.942000	3522
307.808000	3484
307.674000	3462
307.540000	3442
307.406000	3505
307.272000	3512
307.138000	3524
307.004000	3495
306.869000	3482
306.735000	3498
306.601000	3536
306.467000	3514
306.333000	3495
306.199000	3451
306.065000	3465
305.931000	3493
305.797000	3492
305.663000	3514
305.529000	3480
305.395000	3484
305.261000	3514
305.127000	3503
304.993000	3506
304.859000	3492
304.725000	3491
304.591000	3518
304.456000	3486
304.322000	3490
304.188000	3512
304.054000	3512
303.920000	3529
303.786000	3500
303.652000	3453
303.518000	3469
303.384000	3477
303.250000	3499
303.116000	3511
302.982000	3495
302.848000	3503
302.714000	3498
302.580000	3503
302.446000	3543
302.312000	3472
302.178000	3475
302.044000	3481
301.909000	3445
301.775000	3475
301.641000	3480
301.507000	3506
301.373000	3492
301.239000	3481
301.105000	3493
300.971000	3443
300.837000	3489
300.703000	3521
300.569000	3474
300.435000	3472
300.301000	3531
300.167000	3535
300.033000	3526
299.899000	3517
299.765000	3518
299.631000	3486
299.496000	3455
299.362000	3479
299.228000	3477
299.094000	3475
298.960000	3508
298.826000	3503
298.692000	3506
298.558000	3499
298.424000	3506
298.290000	3466
298.156000	3478
298.022000	3472
297.888000	3475
297.754000	3509
297.620000	3518
297.486000	3508
297.352000	3509
297.218000	3516
297.084000	3496
296.949000	3499
296.815000	3484
296.681000	3480
296.547000	3479
296.413000	3505
296.279000	3487
296.145000	3504
296.011000	3534
295.877000	3507
295.743000	3469
295.609000	3543
295.475000	3517
295.341000	3497
295.207000	3480
295.073000	3495
294.939000	3536
294.805000	3539
294.671000	3522
294.536000	3499
294.402000	3456
294.268000	3469
294.134000	3504
294.000000	3509
293.866000	3518
293.732000	3497
293.598000	3481
293.464000	3512
293.330000	3514
293.196000	3496
293.062000	3497
292.928000	3530
292.794000	3520
292.660000	3497
292.526000	3516
292.392000	3524
292.258000	3533
292.124000	3471
291.989000	3451
291.855000	3497
291.721000	3497
291.587000	3503
291.453000	3523
291.319000	3494
291.185000	3533
291.051000	3512
290.917000	3478
290.783000	3476
290.649000	3493
290.515000	3489
290.381000	3470
290.247000	3455
290.113000	3474
289.979000	3495
289.845000	3487
289.711000	3479
289.576000	3482
289.442000	3485
289.308000	3499
289.174000	3477
289.040000	3500
288.906000	3496
288.772000	3466
288.638000	3492
288.504000	3500
288.370000	3515
288.236000	3507
288.102000	3500
287.968000	3543
287.834000	3499
287.700000	3504
287.566000	3519
287.432000	3529
287.298000	3474
287.164000	3469
287.029000	3495
286.895000	3510
286.761000	3520
286.627000	3516
286.493000	3457
286.359000	3438
286.225000	3432
286.091000	3448
285.957000	3514
285.823000	3534
285.689000	3511
285.555000	3510
285.421000	3482
285.287000	3534
285.153000	3522
285.019000	3487
284.885000	3482
284.751000	3481
284.616000	3497
284.482000	3551
284.348000	3572
284.214000	3552
284.080000	3546
283.946000	3479
283.812000	3475
283.678000	3482
283.544000	3487
283.410000	3486
283.276000	3507
283.142000	3489
283.008000	3493
282.874000	3515
282.740000	3524
282.606000	3499
282.472000	3493
282.338000	3526
282.204000	3544
282.069000	3505
281.935000	3504
281.801000	3530
281.667000	3526
281.533000	3518
281.399000	3474
281.265000	3472
281.131000	3520
280.997000	3479
280.863000	3505
280.729000	3534
280.595000	3499
280.461000	3506
280.327000	3489
280.193000	3520
280.059000	3527
279.925000	3472
279.791000	3466
279.656000	3460
279.522000	3480
279.388000	3480
279.254000	3506
279.120000	3483
278.986000	3487
278.852000	3502
278.718000	3498
278.584000	3475
278.450000	3450
278.316000	3445
278.182000	3478
278.048000	3495
277.914000	3528
277.780000	3516
277.646000	3511
277.512000	3482
277.378000	3481
277.244000	3524
277.109000	3520
276.975000	3522
276.841000	3503
276.707000	3479
276.573000	3500
276.439000	3534
276.305000	3511
276.171000	3528
276.037000	3484
275.903000	3465
275.769000	3516
275.635000	3516
275.501000	3501
275.367000	3504
275.233000	3475
275.099000	3468
274.965000	3499
274.831000	3487
274.696000	3475
274.562000	3486
274.428000	3520
274.294000	3532
274.160000	3485
274.026000	3507
273.892000	3517
273.758000	3514
273.624000	3524
273.490000	3500
273.356000	3435
273.222000	3419
273.088000	3459
272.954000	3495
272.820000	3486
272.686000	3492
272.552000	3513
272.418000	3513
272.284000	3498
272.149000	3464
272.015000	3472
271.881000	3481
271.747000	3461
271.613000	3476
271.479000	3498
271.345000	3491
271.211000	3507
271.077000	3504
270.943000	3458
270.809000	3449
270.675000	3498
270.541000	3476
270.407000	3481
270.273000	3489
270.139000	3509
270.005000	3498
269.871000	3533
269.736000	3518
269.602000	3495
269.468000	3447
269.334000	3471
269.200000	3487
269.066000	3473
268.932000	3462
268.798000	3470
268.664000	3473
268.530000	3508
268.396000	3512
268.262000	3492
268.128000	3479
267.994000	3487
267.860000	3529
267.726000	3523
267.592000	3518
267.458000	3517
267.324000	3540
267.189000	3543
267.055000	3522
266.921000	3533
266.787000	3497
266.653000	3476
266.519000	3524
266.385000	3493
266.251000	3484
266.117000	3482
265.983000	3518
265.849000	3498
265.715000	3483
265.581000	3512
265.447000	3509
265.313000	3491
265.179000	3467
265.045000	3457
264.911000	3492
264.776000	3503
264.642000	3530
264.508000	3539
264.374000	3513
264.240000	3489
264.106000	3489
263.972000	3497
263.838000	3484
263.704000	3466
263.570000	3509
263.436000	3532
263.302000	3523
263.168000	3508
263.034000	3471
262.900000	3440
262.766000	3480
262.632000	3497
262.498000	3483
262.364000	3494
262.229000	3497
262.095000	3485
261.961000	3492
261.827000	3495
261.693000	3490
261.559000	3457
261.425000	3496
261.291000	3498
261.157000	3485
261.023000	3504
260.889000	3492
260.755000	3477
260.621000	3500
260.487000	3523
260.353000	3503
260.219000	3463
260.085000	3495
259.951000	3497
259.816000	3488
259.682000	3520
259.548000	3533
259.414000	3520
259.280000	3498
259.146000	3493
259.012000	3506
258.878000	3457
258.744000	3454
258.610000	3484
258.476000	3467
258.342000	3490
258.208000	3518
258.074000	3519
257.940000	3508
257.806000	3482
257.672000	3433
257.538000	3475
257.404000	3484
257.269000	3470
257.135000	3470
257.001000	3484
256.867000	3498
256.733000	3501
256.599000	3504
256.465000	3499
256.331000	3485
256.197000	3510
256.063000	3497
255.929000	3490
255.795000	3533
255.661000	3523
255.527000	3484
255.393000	3510
255.259000	3516
255.125000	3466
254.991000	3447
254.856000	3466
254.722000	3488
254.588000	3484
254.454000	3471
254.320000	3467
254.186000	3460
254.052000	3476
253.918000	3496
253.784000	3520
253.650000	3499
253.518000	3468
253.385000	3466
253.253000	3471
253.120000	3516
252.988000	3502
252.856000	3497
252.723000	3539
252.591000	3524
252.458000	3497
252.326000	3500
252.193000	3481
252.061000	3476
251.929000	3484
251.796000	3545
251.664000	3566
251.531000	3526
251.399000	3491
251.267000	3515
251.134000	3497
251.002000	3489
250.869000	3496
250.737000	3475
250.605000	3470
250.472000	3504
250.340000	3511
250.207000	3509
250.075000	3519
249.943000	3508
249.810000	3459
249.678000	3466
249.545000	3455
249.413000	3452
249.280000	3489
249.148000	3511
249.016000	3495
248.883000	3510
248.751000	3478
248.618000	3486
248.486000	3482
248.354000	3510
248.221000	3508
248.089000	3492
247.956000	3514
247.824000	3529
247.692000	3529
247.559000	3520
247.427000	3536
247.294000	3535
247.162000	3487
247.029000	3507
246.897000	3517
246.765000	3460
246.632000	3465
246.500000	3468
246.367000	3511
246.235000	3532
246.103000	3512
245.970000	3481
245.838000	3492
245.705000	3488
245.573000	3490
245.441000	3502
245.308000	3519
245.176000	3536
245.043000	3528
244.911000	3498
244.779000	3501
244.646000	3490
244.514000	3473
244.381000	3472
244.249000	3510
244.116000	3534
243.984000	3524
243.852000	3529
243.719000	3527
243.587000	3515
243.454000	3503
243.322000	3480
243.190000	3491
243.057000	3475
242.925000	3532
242.792000	3523
242.660000	3489
242.528000	3506
242.395000	3505
242.263000	3496
242.130000	3507
241.998000	3495
241.865000	3501
241.733000	3505
241.601000	3513
241.468000	3491
241.336000	3504
241.203000	3509
241.071000	3500
240.939000	3504
240.806000	3500
240.674000	3500
240.541000	3500
240.409000	3455
240.277000	3460
240.144000	3487
240.012000	3468
239.879000	3507
239.747000	3528
239.614000	3469
239.482000	3460
239.350000	3476
239.217000	3513
239.085000	3486
238.952000	3464
238.820000	3480
238.688000	3500
238.555000	3521
238.423000	3537
238.290000	3524
238.158000	3446
238.026000	3466
237.893000	3487
237.761000	3479
237.628000	3494
237.496000	3512
237.364000	3502
237.231000	3505
237.099000	3489
236.966000	3510
236.834000	3509
236.701000	3523
236.569000	3553
236.437000	3542
236.304000	3523
236.172000	3505
236.039000	3499
235.907000	3532
235.775000	3519
235.642000	3518
235.510000	3479
235.377000	3498
235.245000	3486
235.113000	3501
234.980000	3501
234.848000	3481
234.715000	3471
234.583000	3465
234.450000	3494
234.318000	3515
234.186000	3489
234.053000	3506
233.921000	3504
233.788000	3508
233.656000	3523
233.524000	3523
233.391000	3513
233.259000	3509
233.126000	3516
232.994000	3486
232.862000	3460
232.729000	3454
232.597000	3460
232.464000	3502
232.332000	3487
232.200000	3472
232.067000	3509
231.935000	3516
231.802000	3520
231.670000	3455
231.537000	3469
231.405000	3501
231.273000	3486
231.140000	3485
231.008000	3508
230.875000	3487
230.743000	3499
230.611000	3479
230.478000	3497
230.346000	3511
230.213000	3504
230.081000	3494
229.949000	3489
229.816000	3491
229.684000	3506
229.551000	3503
229.419000	3495
229.286000	3491
229.154000	3474
229.022000	3454
228.889000	3454
228.757000	3460
228.624000	3478
228.492000	3460
228.360000	3488
228.227000	3513
228.095000	3466
227.962000	3480
227.830000	3488
227.698000	3488
227.565000	3534
227.433000	3555
227.300000	3510
227.168000	3499
227.036000	3478
226.903000	3490
226.771000	3461
226.638000	3445
226.506000	3489
226.373000	3472
226.241000	3474
226.109000	3486
225.976000	3465
225.844000	3460
225.711000	3463
225.579000	3499
225.447000	3515
225.314000	3480
225.182000	3411
225.049000	3453
224.917000	3500
224.785000	3494
224.652000	3468
224.520000	3516
224.387000	3519
224.255000	3516
224.122000	3503
223.990000	3508
223.858000	3509
223.725000	3502
223.593000	3482
223.460000	3471
223.328000	3491
223.196000	3503
223.063000	3500
222.931000	3506
222.798000	3519
222.666000	3511
222.534000	3485
222.401000	3482
222.269000	3469
222.136000	3444
222.004000	3500
221.871000	3490
221.739000	3487
221.607000	3534
221.474000	3544
221.342000	3518
221.209000	3509
221.077000	3482
220.945000	3519
220.812000	3521
220.680000	3522
220.547000	3505
220.415000	3509
220.283000	3525
220.150000	3525
220.018000	3462
219.885000	3437
219.753000	3442
219.621000	3444
219.488000	3460
219.356000	3488
219.223000	3483
219.091000	3515
218.958000	3546
218.826000	3491
218.694000	3447
218.561000	3466
218.429000	3497
218.296000	3499
218.164000	3472
218.032000	3476
217.899000	3495
217.767000	3509
217.634000	3496
217.502000	3484
217.370000	3473
217.237000	3493
217.105000	3493
216.972000	3478
216.840000	3452
216.707000	3459
216.575000	3478
216.443000	3498
216.310000	3531
216.178000	3516
216.045000	3447
215.913000	3491
215.781000	3513
215.648000	3483
215.516000	3517
215.383000	3499
215.251000	3479
215.119000	3504
214.986000	3492
214.854000	3496
214.721000	3468
214.589000	3456
214.457000	3440
214.324000	3448
214.192000	3470
214.059000	3498
213.927000	3474
213.794000	3479
213.662000	3514
213.530000	3489
213.397000	3494
213.265000	3503
213.132000	3524
213.000000	3489
212.868000	3474
212.735000	3505
212.603000	3490
212.470000	3499
212.338000	3484
212.206000	3443
212.073000	3457
211.941000	3468
211.808000	3482
211.676000	3507
211.543000	3500
211.411000	3507
211.279000	3514
211.146000	3491
211.014000	3488
210.881000	3487
210.749000	3490
210.617000	3511
210.484000	3492
210.352000	3486
210.219000	3490
210.087000	3473
209.955000	3465
209.822000	3498
209.690000	3490
209.557000	3475
209.425000	3449
209.292000	3469
209.160000	3450
209.028000	3473
208.895000	3464
208.763000	3459
208.630000	3484
208.498000	3504
208.366000	3516
208.233000	3469
208.101000	3490
207.968000	3491
207.836000	3504
207.704000	3505
207.571000	3484
207.439000	3493
207.306000	3492
207.174000	3476
207.042000	3483
206.909000	3486
206.777000	3491
206.644000	3490
206.512000	3530
206.379000	3534
206.247000	3510
206.115000	3522
205.982000	3538
205.850000	3517
205.717000	3468
205.585000	3483
205.453000	3488
205.320000	3522
205.188000	3505
205.055000	3503
204.923000	3510
204.791000	3497
204.658000	3508
204.526000	3495
204.393000	3471
204.261000	3466
204.128000	3468
203.996000	3488
203.864000	3503
203.731000	3502
203.599000	3497
203.466000	3493
203.334000	3509
203.202000	3495
203.069000	3468
202.937000	3479
202.804000	3492
202.672000	3490
202.540000	3464
202.407000	3450
202.275000	3461
202.142000	3476
202.010000	3488
201.878000	3456
201.745000	3460
201.613000	3512
201.480000	3499
201.348000	3496
201.215000	3512
201.083000	3502
200.951000	3502
200.818000	3529
200.686000	3507
200.553000	3476
200.421000	3487
200.289000	3497
200.156000	3522
200.024000	3487
199.891000	3471
199.759000	3468
199.627000	3528
199.494000	3543
199.362000	3530
199.229000	3491
199.097000	3491
198.964000	3470
198.832000	3454
198.700000	3464
198.567000	3502
198.435000	3488
198.302000	3495
198.170000	3514
198.038000	3515
197.905000	3502
