wavelength_nm	intensity
721.892000	3489
721.735000	3500
721.577000	3534
721.420000	3513
721.262000	3495
721.105000	3486
720.948000	3522
720.790000	3524
720.633000	3563
720.475000	3540
720.318000	3506
720.160000	3492
720.003000	3534
719.845000	3548
719.688000	3536
719.530000	3570
719.373000	3549
719.215000	3514
719.058000	3535
718.900000	3512
718.743000	3464
718.586000	3475
718.428000	3492
718.271000	3490
718.113000	3482
717.956000	3536
717.798000	3524
717.641000	3509
717.483000	3500
717.326000	3502
717.168000	3477
717.011000	3479
716.853000	3502
716.696000	3503
716.538000	3501
716.381000	3511
716.223000	3503
716.066000	3520
715.909000	3528
715.751000	3558
715.594000	3524
715.436000	3508
715.279000	3525
715.121000	3519
714.964000	3503
714.806000	3522
714.649000	3501
714.491000	3508
714.334000	3525
714.176000	3510
714.019000	3475
713.861000	3495
713.704000	3505
713.547000	3468
713.389000	3468
713.232000	3540
713.074000	3517
712.917000	3478
712.759000	3502
712.602000	3496
712.444000	3491
712.287000	3473
712.129000	3446
711.972000	3488
711.814000	3514
711.657000	3518
711.499000	3515
711.342000	3518
711.185000	3539
711.027000	3512
710.870000	3494
710.712000	3476
710.555000	3508
710.397000	3573
710.240000	3589
710.082000	3548
709.925000	3503
709.767000	3505
709.610000	3500
709.452000	3475
709.295000	3512
709.137000	3485
708.980000	3534
708.822000	3545
708.665000	3491
708.508000	3503
708.350000	3512
708.193000	3526
708.035000	3554
707.878000	3503
707.720000	3463
707.563000	3489
707.405000	3488
707.248000	3508
707.090000	3497
706.933000	3500
706.775000	3520
706.618000	3520
706.460000	3538
706.303000	3517
706.146000	3518
705.988000	3508
705.831000	3485
705.673000	3515
705.516000	3484
705.358000	3520
705.201000	3534
705.043000	3522
704.886000	3468
704.728000	3499
704.571000	3531
704.413000	3522
704.256000	3542
704.098000	3539
703.941000	3536
703.784000	3522
703.626000	3535
703.469000	3572
703.311000	3503
703.154000	3515
702.996000	3520
702.839000	3514
702.681000	3538
702.524000	3519
702.366000	3497
702.209000	3509
702.051000	3529
701.894000	3536
701.736000	3493
701.579000	3516
701.422000	3526
701.264000	3515
701.107000	3504
700.949000	3520
700.792000	3534
700.634000	3523
700.477000	3505
700.319000	3528
700.162000	3506
700.004000	3503
699.847000	3488
699.689000	3485
699.532000	3513
699.374000	3548
699.217000	3590
699.059000	3552
698.902000	3554
698.745000	3548
698.587000	3506
698.430000	3516
698.272000	3503
698.115000	3502
697.957000	3518
697.800000	3565
697.642000	3563
697.485000	3533
697.327000	3521
697.170000	3492
697.012000	3474
696.855000	3498
696.697000	3498
696.540000	3503
696.388000	3545
696.235000	3551
696.083000	3538
695.931000	3503
695.778000	3490
695.626000	3528
695.474000	3542
695.321000	3513
695.169000	3500
695.017000	3522
694.864000	3559
694.712000	3552
694.560000	3510
694.407000	3533
694.255000	3576
694.103000	3527
693.950000	3528
693.798000	3516
693.646000	3499
693.493000	3545
693.341000	3557
693.189000	3544
693.036000	3535
692.884000	3522
692.732000	3520
692.579000	3491
692.427000	3481
692.275000	3488
692.122000	3492
691.970000	3510
691.818000	3531
691.665000	3550
691.513000	3555
691.361000	3519
691.208000	3491
691.056000	3500
690.904000	3545
690.751000	3512
690.599000	3506
690.447000	3515
690.294000	3493
690.142000	3491
689.990000	3496
689.837000	3493
689.685000	3519
689.533000	3517
689.380000	3536
689.228000	3575
689.076000	3532
688.923000	3523
688.771000	3562
688.619000	3538
688.466000	3518
688.314000	3534
688.162000	3531
688.009000	3516
687.857000	3530
687.705000	3543
687.552000	3533
687.400000	3514
687.248000	3526
687.095000	3567
686.943000	3540
686.791000	3531
686.638000	3502
686.486000	3493
686.334000	3469
686.181000	3469
686.029000	3512
685.877000	3514
685.724000	3535
685.572000	3598
685.420000	3564
685.267000	3529
685.115000	3485
684.963000	3537
684.811000	3592
684.658000	3555
684.506000	3534
684.354000	3518
684.201000	3519
684.049000	3525
683.897000	3518
683.744000	3560
683.592000	3583
683.440000	3570
683.287000	3557
683.135000	3542
682.983000	3552
682.830000	3513
682.678000	3518
682.526000	3528
682.373000	3519
682.221000	3534
682.069000	3522
681.916000	3538
681.764000	3538
681.612000	3516
681.459000	3526
681.307000	3535
681.155000	3550
681.002000	3554
680.850000	3548
680.698000	3516
680.545000	3511
680.393000	3523
680.241000	3523
680.088000	3511
679.936000	3565
679.784000	3570
679.631000	3554
679.479000	3560
679.327000	3596
679.174000	3555
679.022000	3504
678.870000	3540
678.717000	3562
678.565000	3574
678.413000	3584
678.260000	3573
678.108000	3608
677.956000	3601
677.803000	3554
677.651000	3548
677.499000	3544
677.346000	3592
677.194000	3591
677.042000	3533
676.889000	3578
676.737000	3540
676.585000	3531
676.432000	3549
676.280000	3578
676.128000	3537
675.975000	3557
675.823000	3571
675.671000	3578
675.518000	3561
675.366000	3542
675.214000	3535
675.061000	3556
674.909000	3588
674.757000	3620
674.604000	3601
674.452000	3601
674.300000	3582
674.147000	3567
673.995000	3570
673.843000	3574
673.690000	3572
673.538000	3560
673.386000	3572
673.233000	3579
673.081000	3573
672.929000	3556
672.776000	3572
672.624000	3584
672.472000	3604
672.319000	3585
672.167000	3629
672.015000	3620
671.862000	3589
671.710000	3574
671.558000	3591
671.405000	3604
671.253000	3555
671.101000	3543
670.948000	3591
670.796000	3604
670.644000	3600
670.491000	3593
670.339000	3590
670.187000	3599
670.034000	3608
669.882000	3582
669.730000	3582
669.577000	3577
669.425000	3570
669.273000	3584
669.120000	3636
668.968000	3620
668.816000	3585
668.663000	3549
668.511000	3595
668.359000	3605
668.206000	3567
668.054000	3549
667.902000	3608
667.749000	3622
667.597000	3600
667.445000	3634
667.292000	3603
667.140000	3566
666.988000	3602
666.835000	3569
666.683000	3595
666.531000	3630
666.378000	3605
666.226000	3646
666.074000	3621
665.921000	3589
665.769000	3593
665.617000	3596
665.464000	3589
665.312000	3555
665.160000	3546
665.007000	3577
664.855000	3613
664.703000	3596
664.550000	3584
664.398000	3584
664.246000	3580
664.093000	3592
663.941000	3565
663.789000	3565
663.636000	3550
663.484000	3576
663.332000	3597
663.179000	3594
663.027000	3582
662.875000	3578
662.722000	3573
662.570000	3553
662.418000	3539
662.265000	3543
662.113000	3612
661.961000	3603
661.808000	3583
661.656000	3645
661.504000	3638
661.351000	3578
661.199000	3551
661.047000	3572
660.894000	3579
660.742000	3578
660.590000	3596
660.438000	3615
660.285000	3568
660.133000	3538
659.981000	3588
659.828000	3599
659.676000	3575
659.524000	3584
659.371000	3587
659.219000	3552
659.067000	3579
658.914000	3622
658.762000	3616
658.610000	3616
658.457000	3575
658.305000	3539
658.153000	3550
658.000000	3556
657.848000	3560
657.696000	3595
657.543000	3587
657.391000	3560
657.239000	3577
657.086000	3623
656.934000	3612
656.782000	3568
656.629000	3547
656.477000	3526
656.325000	3560
656.172000	3560
656.020000	3583
655.868000	3560
655.715000	3591
655.563000	3573
655.411000	3558
655.258000	3586
655.106000	3589
654.954000	3589
654.801000	3617
654.649000	3624
654.497000	3616
654.344000	3629
654.192000	3610
654.040000	3620
653.887000	3630
653.735000	3611
653.583000	3601
653.430000	3603
653.278000	3626
653.126000	3631
652.973000	3635
652.821000	3632
652.669000	3623
652.516000	3607
652.364000	3572
652.212000	3577
652.059000	3610
651.907000	3610
651.755000	3572
651.602000	3620
651.450000	3629
651.298000	3598
651.145000	3580
650.993000	3575
650.841000	3567
650.688000	3587
650.536000	3576
650.384000	3565
650.231000	3612
650.079000	3651
649.927000	3593
649.774000	3563
649.622000	3583
649.470000	3589
649.317000	3580
649.165000	3602
649.013000	3602
648.860000	3592
648.708000	3633
648.556000	3613
648.403000	3607
648.251000	3606
648.099000	3588
647.946000	3620
647.794000	3582
647.642000	3594
647.489000	3632
647.337000	3631
647.185000	3627
647.032000	3610
646.880000	3592
646.728000	3641
646.575000	3636
646.423000	3630
646.271000	3624
646.118000	3653
645.966000	3632
645.814000	3643
645.661000	3647
645.509000	3658
645.357000	3673
645.204000	3622
645.052000	3612
644.900000	3588
644.747000	3581
644.595000	3613
644.443000	3604
644.290000	3591
644.138000	3640
643.986000	3640
643.833000	3604
643.681000	3601
643.529000	3609
643.376000	3610
643.224000	3683
643.072000	3645
642.919000	3635
642.767000	3634
642.615000	3610
642.462000	3618
642.310000	3646
642.158000	3652
642.005000	3667
641.853000	3583
641.701000	3535
641.548000	3582
641.396000	3638
641.244000	3664
641.091000	3644
640.939000	3607
640.787000	3626
640.634000	3649
640.482000	3617
640.330000	3580
640.177000	3611
640.025000	3619
639.873000	3623
639.720000	3640
639.568000	3657
639.416000	3631
639.263000	3627
639.111000	3695
638.959000	3661
638.806000	3620
638.654000	3621
638.502000	3605
638.349000	3662
638.197000	3672
638.045000	3638
637.892000	3634
637.740000	3628
637.588000	3641
637.435000	3634
637.283000	3623
637.131000	3609
636.979000	3592
636.826000	3615
636.674000	3610
636.521000	3645
636.369000	3664
636.217000	3653
636.065000	3641
635.912000	3604
635.760000	3613
635.608000	3622
635.455000	3642
635.303000	3613
635.151000	3654
634.998000	3619
634.846000	3631
634.694000	3663
634.541000	3664
634.389000	3631
634.237000	3652
634.084000	3658
633.932000	3651
633.780000	3664
633.627000	3658
633.475000	3605
633.323000	3644
633.170000	3682
633.018000	3681
632.866000	3632
632.713000	3648
632.561000	3672
632.409000	3634
632.256000	3661
632.104000	3695
631.952000	3614
631.799000	3602
631.647000	3683
631.495000	3667
631.342000	3648
631.190000	3653
631.038000	3646
630.885000	3672
630.733000	3678
630.581000	3661
630.428000	3646
630.276000	3650
630.124000	3656
629.971000	3653
629.819000	3635
629.667000	3630
629.514000	3677
629.362000	3698
629.210000	3620
629.057000	3625
628.905000	3662
628.753000	3675
628.600000	3669
628.448000	3619
628.296000	3635
628.143000	3613
627.991000	3629
627.839000	3668
627.686000	3656
627.534000	3671
627.382000	3670
627.229000	3660
627.077000	3669
626.925000	3629
626.772000	3682
626.620000	3696
626.468000	3654
626.315000	3687
626.163000	3684
626.011000	3686
625.858000	3705
625.706000	3695
625.554000	3686
625.401000	3666
625.249000	3710
625.097000	3709
624.944000	3681
624.792000	3686
624.640000	3697
624.487000	3676
624.335000	3681
624.183000	3723
624.030000	3672
623.878000	3632
623.726000	3672
623.573000	3706
623.421000	3707
623.269000	3687
623.116000	3672
622.964000	3679
622.812000	3688
622.659000	3683
622.507000	3685
622.355000	3653
622.202000	3664
622.050000	3675
621.898000	3691
621.745000	3709
621.593000	3695
621.441000	3706
621.288000	3691
621.136000	3666
620.984000	3669
620.831000	3697
620.679000	3694
620.527000	3688
620.374000	3680
620.222000	3714
620.070000	3723
619.917000	3693
619.765000	3700
619.613000	3681
619.460000	3650
619.308000	3684
619.156000	3694
619.003000	3707
618.851000	3680
618.699000	3631
618.546000	3605
618.394000	3671
618.242000	3745
618.089000	3700
617.937000	3687
617.785000	3675
617.632000	3726
617.480000	3731
617.328000	3702
617.175000	3698
617.023000	3688
616.871000	3689
616.718000	3698
616.566000	3706
616.414000	3688
616.261000	3697
616.109000	3675
615.957000	3695
615.804000	3674
615.652000	3663
615.500000	3701
615.347000	3730
615.195000	3719
615.043000	3700
614.890000	3675
614.738000	3669
614.586000	3680
614.433000	3673
614.281000	3674
614.129000	3690
613.976000	3701
613.824000	3712
613.672000	3691
613.519000	3652
613.367000	3651
613.215000	3700
613.063000	3713
612.910000	3684
612.758000	3703
612.606000	3707
612.453000	3718
612.301000	3713
612.149000	3676
611.996000	3677
611.844000	3707
611.692000	3701
611.539000	3674
611.387000	3684
611.235000	3695
611.082000	3693
610.930000	3701
610.778000	3675
610.625000	3677
610.473000	3661
610.321000	3684
610.168000	3624
610.016000	3657
609.864000	3731
609.711000	3709
609.559000	3679
609.407000	3693
609.254000	3720
609.102000	3715
608.950000	3703
608.797000	3715
608.645000	3702
608.493000	3732
608.340000	3753
608.188000	3726
608.036000	3720
607.883000	3707
607.731000	3723
607.579000	3686
607.426000	3703
607.274000	3696
607.122000	3718
606.969000	3705
606.817000	3681
606.665000	3695
606.512000	3694
606.360000	3702
606.208000	3741
606.055000	3707
605.903000	3737
605.751000	3738
605.598000	3710
605.446000	3753
605.294000	3767
605.141000	3726
604.989000	3755
604.837000	3736
604.684000	3724
604.532000	3691
604.380000	3648
604.227000	3709
604.075000	3744
603.923000	3703
603.770000	3704
603.618000	3729
603.466000	3754
603.313000	3740
603.161000	3703
603.009000	3629
602.856000	3663
602.704000	3671
602.552000	3695
602.399000	3748
602.247000	3759
602.095000	3698
601.942000	3692
601.790000	3698
601.638000	3744
601.485000	3695
601.333000	3718
601.181000	3711
601.028000	3724
600.876000	3740
600.724000	3724
600.571000	3725
600.419000	3739
600.267000	3776
600.114000	3712
599.962000	3696
599.810000	3728
599.657000	3713
599.505000	3700
599.353000	3705
599.200000	3714
599.048000	3739
598.896000	3728
598.743000	3725
598.591000	3727
598.439000	3737
598.286000	3729
598.134000	3718
597.982000	3720
597.829000	3709
597.677000	3748
597.525000	3788
597.372000	3742
597.220000	3754
597.068000	3728
596.915000	3717
596.763000	3687
596.611000	3673
596.458000	3702
596.306000	3742
596.154000	3719
596.001000	3720
595.849000	3748
595.697000	3758
595.544000	3754
595.392000	3713
595.240000	3729
595.087000	3736
594.935000	3716
594.783000	3736
594.630000	3774
594.478000	3780
594.326000	3782
594.173000	3739
594.021000	3709
593.869000	3749
593.716000	3748
593.564000	3720
593.412000	3692
593.259000	3716
593.107000	3706
592.955000	3736
592.802000	3734
592.650000	3677
592.498000	3690
592.345000	3701
592.193000	3747
592.041000	3756
591.888000	3765
591.736000	3768
591.584000	3789
591.431000	3742
591.279000	3717
591.127000	3699
590.974000	3702
590.822000	3694
590.670000	3735
590.517000	3778
590.365000	3769
590.213000	3691
590.060000	3686
589.908000	3719
589.756000	3744
589.603000	3714
589.451000	3696
589.299000	3710
589.146000	3730
588.994000	3734
588.842000	3701
588.689000	3711
588.537000	3765
588.385000	3761
588.233000	3737
588.080000	3696
587.928000	3726
587.776000	3753
587.623000	3736
587.471000	3714
587.319000	3740
587.166000	3763
587.014000	3730
586.862000	3729
586.709000	3731
586.557000	3708
586.405000	3720
586.252000	3730
586.100000	3742
585.948000	3738
585.795000	3710
585.643000	3735
585.491000	3764
585.338000	3739
585.186000	3720
585.034000	3717
584.881000	3697
584.729000	3693
584.577000	3721
584.424000	3710
584.272000	3706
584.120000	3747
583.967000	3745
583.815000	3710
583.663000	3707
583.510000	3720
583.358000	3712
583.206000	3726
583.053000	3740
582.901000	3715
582.749000	3741
582.596000	3751
582.444000	3725
582.292000	3720
582.139000	3705
581.987000	3740
581.835000	3759
581.682000	3769
581.530000	3750
581.378000	3726
581.225000	3743
581.073000	3790
580.921000	3747
580.768000	3765
580.616000	3764
580.464000	3701
580.311000	3687
580.159000	3691
580.007000	3724
579.854000	3710
579.702000	3698
579.550000	3713
579.397000	3700
579.245000	3737
579.093000	3705
578.940000	3699
578.788000	3711
578.636000	3701
578.483000	3741
578.331000	3746
578.179000	3726
578.026000	3741
577.874000	3757
577.722000	3739
577.569000	3710
577.417000	3698
577.265000	3703
577.112000	3694
576.960000	3762
576.810000	3760
576.660000	3716
576.510000	3744
576.360000	3750
576.210000	3690
576.060000	3676
575.910000	3686
575.760000	3719
575.610000	3738
575.460000	3751
575.311000	3727
575.161000	3696
575.011000	3755
574.861000	3782
574.711000	3725
574.561000	3717
574.411000	3736
574.261000	3738
574.111000	3747
573.961000	3756
573.811000	3741
573.661000	3725
573.511000	3727
573.361000	3742
573.211000	3724
573.061000	3737
572.911000	3694
572.761000	3686
572.611000	3701
572.461000	3689
572.312000	3712
572.162000	3790
572.012000	3762
571.862000	3749
571.712000	3687
571.562000	3686
571.412000	3716
571.262000	3731
571.112000	3742
570.962000	3723
570.812000	3723
570.662000	3705
570.512000	3739
570.362000	3774
570.212000	3719
570.062000	3709
569.912000	3706
569.762000	3715
569.612000	3716
569.462000	3729
569.312000	3750
569.163000	3721
569.013000	3689
568.863000	3652
568.713000	3686
568.563000	3730
568.413000	3708
568.263000	3708
568.113000	3707
567.963000	3732
567.813000	3756
567.663000	3729
567.513000	3720
567.363000	3692
567.213000	3718
567.063000	3699
566.913000	3672
566.763000	3711
566.613000	3724
566.463000	3709
566.313000	3708
566.164000	3752
566.014000	3726
565.864000	3676
565.714000	3676
565.564000	3706
565.414000	3722
565.264000	3704
565.114000	3719
564.964000	3715
564.814000	3724
564.664000	3708
564.514000	3688
564.364000	3705
564.214000	3737
564.064000	3706
563.914000	3661
563.764000	3679
563.614000	3738
563.464000	3752
563.314000	3751
563.164000	3738
563.015000	3696
562.865000	3697
562.715000	3704
562.565000	3721
562.415000	3729
562.265000	3739
562.115000	3742
561.965000	3704
561.815000	3707
561.665000	3715
561.515000	3701
561.365000	3705
561.215000	3710
561.065000	3715
560.915000	3702
560.765000	3733
560.615000	3726
560.465000	3724
560.315000	3712
560.165000	3709
560.015000	3689
559.866000	3704
559.716000	3708
559.566000	3722
559.416000	3712
559.266000	3734
559.116000	3724
558.966000	3695
558.816000	3692
558.666000	3693
558.516000	3680
558.366000	3692
558.216000	3667
558.066000	3663
557.916000	3675
557.766000	3698
557.616000	3703
557.466000	3709
557.316000	3702
557.166000	3716
557.016000	3685
556.866000	3698
556.717000	3699
556.567000	3724
556.417000	3729
556.267000	3766
556.117000	3747
555.967000	3740
555.817000	3726
555.667000	3689
555.517000	3686
555.367000	3725
555.217000	3770
555.067000	3703
554.917000	3740
554.767000	3756
554.617000	3746
554.467000	3742
554.317000	3752
554.167000	3724
554.017000	3724
553.867000	3720
553.718000	3733
553.568000	3733
553.418000	3706
553.268000	3703
553.118000	3679
552.968000	3688
552.818000	3730
552.668000	3727
552.518000	3689
552.368000	3645
552.218000	3674
552.068000	3708
551.918000	3724
551.768000	3723
551.618000	3689
551.468000	3690
551.318000	3715
551.168000	3645
551.018000	3635
550.868000	3698
550.718000	3713
550.569000	3720
550.419000	3730
550.269000	3736
550.119000	3735
549.969000	3750
549.819000	3710
549.669000	3685
549.519000	3705
549.369000	3685
549.219000	3708
549.069000	3727
548.919000	3721
548.769000	3703
548.619000	3719
548.469000	3735
548.319000	3686
548.169000	3698
548.019000	3707
547.869000	3697
547.719000	3697
547.570000	3711
547.420000	3725
547.270000	3717
547.120000	3712
546.970000	3702
546.820000	3683
546.670000	3650
546.520000	3679
546.370000	3683
546.220000	3688
546.070000	3717
545.923000	3683
545.777000	3682
545.630000	3688
545.484000	3670
545.337000	3640
545.191000	3691
545.044000	3687
544.897000	3654
544.751000	3684
544.604000	3734
544.458000	3746
544.311000	3723
544.164000	3692
544.018000	3714
543.871000	3705
543.725000	3692
543.578000	3683
543.432000	3696
543.285000	3721
543.138000	3738
542.992000	3723
542.845000	3720
542.699000	3720
542.552000	3718
542.405000	3703
542.259000	3724
542.112000	3734
541.966000	3723
541.819000	3687
541.673000	3713
541.526000	3753
541.379000	3734
541.233000	3692
541.086000	3697
540.940000	3657
540.793000	3654
540.646000	3702
540.500000	3728
540.353000	3754
540.207000	3768
540.060000	3721
539.914000	3701
539.767000	3712
539.620000	3692
539.474000	3718
539.327000	3713
539.181000	3714
539.034000	3709
538.887000	3726
538.741000	3698
538.594000	3684
538.448000	3672
538.301000	3654
538.155000	3655
538.008000	3667
537.861000	3672
537.715000	3647
537.568000	3617
537.422000	3683
537.275000	3674
537.128000	3646
536.982000	3647
536.835000	3670
536.689000	3706
536.542000	3683
536.396000	3676
536.249000	3699
536.102000	3689
535.956000	3635
535.809000	3651
535.663000	3677
535.516000	3717
535.369000	3696
535.223000	3645
535.076000	3676
534.930000	3649
534.783000	3633
534.637000	3626
534.490000	3654
534.343000	3694
534.197000	3697
534.050000	3687
533.904000	3699
533.757000	3678
533.610000	3686
533.464000	3712
533.317000	3714
533.171000	3695
533.024000	3696
532.878000	3681
532.731000	3655
532.584000	3665
532.438000	3675
532.291000	3677
532.145000	3642
531.998000	3670
531.851000	3681
531.705000	3671
531.558000	3738
531.412000	3726
531.265000	3667
531.119000	3694
530.972000	3665
530.825000	3684
530.679000	3697
530.532000	3676
530.386000	3666
530.239000	3690
530.093000	3671
529.946000	3660
529.799000	3659
529.653000	3662
529.506000	3630
529.360000	3667
529.213000	3728
529.066000	3722
528.920000	3706
528.773000	3697
528.627000	3700
528.480000	3682
528.334000	3690
528.187000	3692
528.040000	3651
527.894000	3628
527.747000	3628
527.601000	3640
527.454000	3699
527.307000	3741
527.161000	3730
527.014000	3700
526.868000	3684
526.721000	3673
526.575000	3691
526.428000	3700
526.281000	3684
526.135000	3678
525.988000	3688
525.842000	3667
525.695000	3695
525.548000	3693
525.402000	3688
525.255000	3671
525.109000	3686
524.962000	3649
524.816000	3668
524.669000	3706
524.522000	3708
524.376000	3714
524.229000	3657
524.083000	3685
523.936000	3734
523.789000	3660
523.643000	3625
523.496000	3640
523.350000	3682
523.203000	3700
523.057000	3628
522.910000	3653
522.763000	3695
522.617000	3680
522.470000	3665
522.324000	3613
522.177000	3652
522.030000	3648
521.884000	3692
521.737000	3694
521.591000	3677
521.444000	3682
521.298000	3695
521.151000	3676
521.004000	3673
520.858000	3724
520.711000	3712
520.565000	3672
520.418000	3710
520.271000	3689
520.125000	3679
519.978000	3717
519.832000	3700
519.685000	3700
519.539000	3665
519.392000	3637
519.245000	3610
519.099000	3644
518.952000	3682
518.806000	3672
518.659000	3668
518.513000	3657
518.366000	3693
518.219000	3650
518.073000	3628
517.926000	3650
517.780000	3623
517.633000	3659
517.486000	3646
517.340000	3610
517.193000	3659
517.047000	3650
516.900000	3679
516.754000	3672
516.607000	3631
516.460000	3653
516.314000	3665
516.167000	3644
516.021000	3659
515.874000	3673
515.727000	3644
515.581000	3677
515.434000	3673
515.288000	3644
515.141000	3601
514.995000	3610
514.848000	3666
514.701000	3685
514.555000	3641
514.408000	3628
514.262000	3658
514.115000	3685
513.968000	3691
513.822000	3662
513.675000	3619
513.529000	3670
513.382000	3715
513.236000	3653
513.089000	3677
512.942000	3683
512.796000	3695
512.649000	3667
512.503000	3677
512.356000	3659
512.209000	3640
512.063000	3668
511.916000	3647
511.770000	3634
511.623000	3646
511.477000	3664
511.330000	3669
511.183000	3684
511.037000	3665
510.890000	3606
510.744000	3617
510.597000	3624
510.450000	3636
510.304000	3643
510.157000	3624
510.011000	3638
509.864000	3671
509.718000	3680
509.571000	3659
509.424000	3625
509.278000	3639
509.131000	3645
508.985000	3651
508.838000	3617
508.691000	3604
508.545000	3637
508.398000	3622
508.252000	3656
508.105000	3643
507.959000	3607
507.812000	3621
507.665000	3625
507.519000	3643
507.372000	3662
507.226000	3650
507.079000	3625
506.932000	3600
506.786000	3611
506.639000	3644
506.493000	3615
506.346000	3576
506.200000	3586
506.053000	3584
505.906000	3612
505.760000	3644
505.613000	3633
505.467000	3628
505.320000	3622
505.173000	3586
505.027000	3591
504.880000	3622
504.734000	3644
504.587000	3614
504.441000	3642
504.294000	3649
504.147000	3650
504.001000	3610
503.854000	3574
503.708000	3588
503.561000	3585
503.415000	3582
503.268000	3598
503.121000	3618
502.975000	3655
502.828000	3615
502.682000	3580
502.535000	3621
502.388000	3628
502.242000	3607
502.095000	3603
501.949000	3599
501.802000	3599
501.656000	3594
501.509000	3603
501.362000	3596
501.216000	3602
501.069000	3622
500.923000	3610
500.776000	3587
500.629000	3660
500.483000	3631
500.336000	3639
500.190000	3636
500.043000	3609
499.897000	3598
499.750000	3604
499.603000	3613
499.457000	3608
499.310000	3604
499.164000	3639
499.017000	3616
498.870000	3612
498.724000	3605
498.577000	3597
498.431000	3612
498.284000	3636
498.138000	3630
497.991000	3607
497.844000	3553
497.698000	3560
497.551000	3590
497.405000	3611
497.258000	3626
497.111000	3607
496.965000	3649
496.818000	3652
496.672000	3608
496.525000	3560
496.379000	3572
496.232000	3584
496.085000	3590
495.939000	3592
495.792000	3585
495.646000	3593
495.499000	3594
495.352000	3587
495.206000	3605
495.059000	3548
494.913000	3547
494.766000	3576
494.620000	3569
494.473000	3570
494.326000	3611
494.180000	3584
494.033000	3572
493.887000	3609
493.740000	3590
493.593000	3561
493.447000	3550
493.300000	3580
493.154000	3614
493.007000	3592
492.861000	3569
492.714000	3616
492.567000	3631
492.421000	3594
492.274000	3607
492.128000	3606
491.981000	3608
491.834000	3598
491.688000	3578
491.541000	3591
491.395000	3588
491.248000	3583
491.102000	3561
490.955000	3590
490.808000	3633
490.662000	3565
490.515000	3547
490.369000	3573
490.222000	3586
490.076000	3594
489.929000	3579
489.782000	3611
489.636000	3584
489.489000	3548
489.343000	3573
489.196000	3591
489.049000	3567
488.903000	3592
488.756000	3581
488.610000	3600
488.463000	3623
488.317000	3631
488.170000	3588
488.023000	3563
487.877000	3575
487.730000	3577
487.584000	3539
487.437000	3540
487.290000	3578
487.144000	3573
486.997000	3578
486.851000	3581
486.704000	3612
486.558000	3606
486.411000	3546
486.264000	3521
486.118000	3566
485.971000	3587
485.825000	3556
485.678000	3583
485.531000	3577
485.385000	3588
485.238000	3562
485.092000	3564
484.945000	3555
484.799000	3582
484.652000	3610
484.505000	3584
484.359000	3557
484.212000	3555
484.066000	3572
483.919000	3598
483.772000	3587
483.626000	3571
483.479000	3595
483.333000	3572
483.186000	3556
483.040000	3575
482.893000	3600
482.746000	3603
482.600000	3577
482.453000	3556
482.307000	3581
482.160000	3555
482.013000	3545
481.867000	3543
481.720000	3574
481.574000	3565
481.427000	3578
481.281000	3571
481.134000	3546
480.987000	3546
480.841000	3560
480.694000	3545
480.548000	3561
480.401000	3593
480.254000	3567
480.108000	3552
479.961000	3553
479.815000	3566
479.668000	3555
479.522000	3556
479.375000	3555
479.228000	3520
479.082000	3592
478.935000	3574
478.789000	3556
478.642000	3533
478.495000	3560
478.349000	3615
478.202000	3629
478.056000	3580
477.909000	3574
477.763000	3558
477.616000	3539
477.469000	3569
477.323000	3617
477.176000	3605
477.030000	3564
476.883000	3572
476.736000	3570
476.590000	3583
476.443000	3564
476.297000	3565
476.150000	3591
476.004000	3593
475.857000	3559
475.710000	3566
475.564000	3600
475.417000	3614
475.271000	3615
475.124000	3605
474.978000	3572
474.831000	3572
474.684000	3604
474.538000	3580
474.391000	3572
474.245000	3576
474.098000	3583
473.951000	3606
473.805000	3592
473.658000	3619
473.512000	3590
473.365000	3600
473.219000	3586
473.072000	3595
472.925000	3614
472.779000	3604
472.632000	3617
472.486000	3646
472.339000	3644
472.192000	3604
472.046000	3563
471.899000	3578
471.753000	3567
471.606000	3582
471.460000	3637
471.313000	3614
471.166000	3579
471.020000	3605
470.873000	3639
470.727000	3633
470.580000	3602
470.433000	3643
470.287000	3637
470.140000	3604
469.994000	3589
469.847000	3616
469.701000	3613
469.554000	3598
469.407000	3625
469.261000	3621
469.114000	3587
468.968000	3603
468.821000	3619
468.674000	3618
468.528000	3616
468.381000	3609
468.235000	3608
468.088000	3645
467.942000	3670
467.795000	3633
467.648000	3652
467.502000	3604
467.355000	3594
467.209000	3640
467.062000	3634
466.915000	3644
466.769000	3678
466.622000	3687
466.476000	3652
466.329000	3608
466.183000	3642
466.036000	3654
465.889000	3630
465.743000	3616
465.596000	3635
465.450000	3659
465.303000	3673
465.156000	3673
465.010000	3687
464.863000	3681
464.717000	3642
464.570000	3652
464.424000	3638
464.277000	3648
464.130000	3651
463.984000	3680
463.837000	3677
463.691000	3642
463.544000	3654
463.397000	3660
463.251000	3686
463.104000	3657
462.958000	3628
462.811000	3638
462.665000	3679
462.518000	3688
462.371000	3703
462.225000	3693
462.078000	3674
461.932000	3667
461.785000	3652
461.639000	3683
461.492000	3710
461.345000	3726
461.199000	3716
461.052000	3745
460.906000	3744
460.759000	3686
460.612000	3702
460.466000	3693
460.319000	3726
460.173000	3743
460.026000	3710
459.880000	3727
459.733000	3775
459.586000	3811
459.440000	3786
459.293000	3722
459.147000	3729
459.000000	3735
458.853000	3722
458.707000	3753
458.560000	3771
458.414000	3801
458.267000	3799
458.121000	3744
457.974000	3735
457.827000	3741
457.681000	3733
457.534000	3764
457.388000	3796
457.241000	3815
457.094000	3798
456.948000	3803
456.801000	3820
456.655000	3815
456.508000	3849
456.362000	3846
456.215000	3801
456.068000	3800
455.922000	3790
455.775000	3805
455.629000	3845
455.482000	3830
455.335000	3827
455.189000	3835
455.042000	3835
454.896000	3812
454.749000	3799
454.603000	3820
454.456000	3819
454.309000	3816
454.163000	3823
454.016000	3842
453.870000	3843
453.723000	3848
453.576000	3845
453.430000	3806
453.283000	3830
453.137000	3871
452.990000	3855
452.844000	3798
452.697000	3832
452.550000	3872
452.404000	3880
452.257000	3851
452.111000	3824
451.964000	3803
451.817000	3852
451.671000	3844
451.524000	3816
451.378000	3812
451.231000	3823
451.085000	3820
450.938000	3816
450.791000	3797
450.645000	3764
450.498000	3756
450.352000	3770
450.205000	3775
450.058000	3792
449.912000	3794
449.765000	3774
449.619000	3765
449.472000	3775
449.326000	3796
449.179000	3776
449.032000	3707
448.886000	3717
448.739000	3720
448.593000	3688
448.446000	3679
448.300000	3732
448.153000	3760
448.006000	3744
447.860000	3734
447.713000	3733
447.567000	3680
447.420000	3698
447.273000	3720
447.127000	3715
446.980000	3679
446.834000	3704
446.687000	3694
446.541000	3689
446.394000	3674
446.247000	3665
446.101000	3653
445.954000	3665
445.808000	3702
445.661000	3667
445.514000	3653
445.368000	3643
445.221000	3643
445.075000	3666
444.928000	3671
444.782000	3640
444.635000	3656
444.488000	3657
444.342000	3681
444.195000	3638
444.049000	3631
443.902000	3655
443.755000	3661
443.609000	3673
443.462000	3644
443.316000	3639
443.169000	3635
443.023000	3625
442.876000	3627
442.729000	3638
442.583000	3643
442.436000	3656
442.290000	3671
442.143000	3655
441.996000	3643
441.850000	3619
441.703000	3630
441.557000	3611
441.410000	3602
441.264000	3585
441.117000	3556
440.970000	3585
440.824000	3593
440.677000	3605
440.531000	3608
440.384000	3575
440.237000	3567
440.091000	3567
439.944000	3602
439.798000	3579
439.651000	3568
439.505000	3620
439.358000	3619
439.211000	3610
439.065000	3583
438.918000	3561
438.772000	3575
438.625000	3571
438.478000	3579
438.332000	3562
438.185000	3570
438.039000	3606
437.892000	3629
437.746000	3640
437.599000	3583
437.452000	3586
437.306000	3599
437.159000	3587
437.013000	3573
436.866000	3580
436.719000	3593
436.573000	3573
436.426000	3602
436.280000	3591
436.133000	3542
435.987000	3557
435.840000	3542
435.697000	3544
435.554000	3580
435.411000	3554
435.268000	3559
435.125000	3581
434.982000	3561
434.839000	3560
434.696000	3542
434.553000	3555
434.410000	3558
434.267000	3548
434.124000	3570
433.981000	3571
433.838000	3544
433.695000	3557
433.552000	3556
433.409000	3587
433.265000	3582
433.122000	3545
432.979000	3518
432.836000	3575
432.693000	3558
432.550000	3529
432.407000	3556
432.264000	3582
432.121000	3567
431.978000	3529
431.835000	3518
431.692000	3500
431.549000	3503
431.406000	3514
431.263000	3508
431.120000	3553
430.977000	3561
430.834000	3563
430.691000	3557
430.548000	3534
430.405000	3546
430.262000	3543
430.119000	3558
429.976000	3525
429.833000	3527
429.690000	3526
429.547000	3544
429.404000	3559
429.261000	3515
429.118000	3471
428.975000	3467
428.832000	3513
428.689000	3518
428.546000	3528
428.403000	3528
428.260000	3516
428.117000	3549
427.973000	3555
427.830000	3503
427.687000	3515
427.544000	3541
427.401000	3516
427.258000	3518
427.115000	3522
426.972000	3546
426.829000	3562
426.686000	3527
426.543000	3549
426.400000	3536
426.257000	3476
426.114000	3503
425.971000	3529
425.828000	3512
425.685000	3503
425.542000	3529
425.399000	3532
425.256000	3551
425.113000	3552
424.970000	3500
424.827000	3501
424.684000	3512
424.541000	3503
424.398000	3498
424.255000	3527
424.112000	3530
423.969000	3503
423.826000	3521
423.683000	3550
423.540000	3511
423.397000	3501
423.254000	3499
423.111000	3521
422.968000	3551
422.825000	3539
422.681000	3484
422.538000	3507
422.395000	3512
422.252000	3509
422.109000	3520
421.966000	3552
421.823000	3560
421.680000	3523
421.537000	3531
421.394000	3534
421.251000	3531
421.108000	3541
420.965000	3525
420.822000	3520
420.679000	3505
420.536000	3522
420.393000	3522
420.250000	3520
420.107000	3516
419.964000	3490
419.821000	3492
419.678000	3537
419.535000	3547
419.392000	3518
419.249000	3489
419.106000	3524
418.963000	3519
418.820000	3508
418.677000	3493
418.534000	3526
418.391000	3570
418.248000	3575
418.105000	3529
417.962000	3482
417.819000	3478
417.676000	3469
417.532000	3472
417.389000	3504
417.246000	3519
417.103000	3533
416.960000	3553
416.817000	3511
416.674000	3490
416.531000	3467
416.388000	3510
416.245000	3530
416.102000	3506
415.959000	3527
415.816000	3523
415.673000	3477
415.530000	3499
415.387000	3523
415.244000	3522
415.101000	3485
414.958000	3478
414.815000	3476
414.672000	3493
414.529000	3499
414.386000	3526
414.243000	3539
414.100000	3530
413.957000	3515
413.814000	3513
413.671000	3510
413.528000	3509
413.385000	3478
413.242000	3507
413.099000	3517
412.956000	3490
412.813000	3510
412.670000	3537
412.527000	3527
412.383000	3552
412.240000	3516
412.097000	3479
411.954000	3515
411.811000	3503
411.668000	3512
411.525000	3496
411.382000	3500
411.239000	3528
411.096000	3518
410.953000	3474
410.810000	3473
410.667000	3530
410.524000	3537
410.381000	3507
410.238000	3539
410.095000	3539
409.952000	3535
409.809000	3531
409.666000	3495
409.523000	3501
409.380000	3496
409.237000	3483
409.094000	3503
408.951000	3503
408.808000	3522
408.665000	3521
408.522000	3510
408.379000	3525
408.236000	3526
408.093000	3493
407.950000	3501
407.807000	3459
407.664000	3474
407.521000	3485
407.378000	3491
407.235000	3492
407.091000	3512
406.948000	3526
406.805000	3530
406.662000	3513
406.519000	3515
406.376000	3495
406.233000	3496
406.090000	3512
405.947000	3529
405.804000	3526
405.661000	3544
405.518000	3499
405.375000	3483
405.232000	3500
405.089000	3510
404.946000	3502
404.803000	3488
404.660000	3523
404.521000	3537
404.382000	3515
404.243000	3521
404.104000	3520
403.965000	3485
403.826000	3491
403.687000	3519
403.549000	3531
403.410000	3500
403.271000	3517
403.132000	3548
402.993000	3543
402.854000	3542
402.715000	3555
402.576000	3507
402.437000	3515
402.298000	3536
402.159000	3530
402.020000	3526
401.881000	3526
401.742000	3517
401.603000	3546
401.464000	3533
401.326000	3522
401.187000	3516
401.048000	3512
400.909000	3509
400.770000	3517
400.631000	3501
400.492000	3510
400.353000	3523
400.214000	3561
400.075000	3536
399.936000	3536
399.797000	3517
399.658000	3492
399.519000	3505
399.380000	3533
399.241000	3557
399.103000	3527
398.964000	3488
398.825000	3501
398.686000	3526
398.547000	3524
398.408000	3503
398.269000	3510
398.130000	3517
397.991000	3522
397.852000	3533
397.713000	3550
397.574000	3524
397.435000	3498
397.296000	3518
397.157000	3497
397.019000	3491
396.880000	3516
396.741000	3550
396.602000	3549
396.463000	3528
396.324000	3523
396.185000	3490
396.046000	3487
395.907000	3504
395.768000	3481
395.629000	3455
395.490000	3466
395.351000	3488
395.212000	3500
395.073000	3549
394.934000	3520
394.796000	3499
394.657000	3536
394.518000	3560
394.379000	3514
394.240000	3534
394.101000	3517
393.962000	3500
393.823000	3503
393.684000	3476
393.545000	3521
393.406000	3536
393.267000	3521
393.128000	3518
392.989000	3475
392.850000	3458
392.711000	3463
392.573000	3498
392.434000	3514
392.295000	3536
392.156000	3520
392.017000	3500
391.878000	3530
391.739000	3533
391.600000	3490
391.461000	3472
391.322000	3490
391.183000	3488
391.044000	3543
390.905000	3557
390.766000	3541
390.627000	3574
390.489000	3545
390.350000	3507
390.211000	3486
390.072000	3460
389.933000	3516
389.794000	3529
389.655000	3531
389.516000	3519
389.377000	3510
389.238000	3528
389.099000	3508
388.960000	3457
388.821000	3493
388.682000	3497
388.543000	3480
388.404000	3488
388.266000	3529
388.127000	3551
387.988000	3540
387.849000	3514
387.710000	3491
387.571000	3482
387.432000	3534
387.293000	3513
387.154000	3486
387.015000	3512
386.876000	3516
386.737000	3516
386.598000	3488
386.459000	3509
386.320000	3512
386.181000	3508
386.043000	3481
385.904000	3474
385.765000	3500
385.626000	3518
385.487000	3542
385.348000	3549
385.209000	3554
385.070000	3547
384.931000	3527
384.792000	3520
384.653000	3520
384.514000	3509
384.375000	3477
384.236000	3509
384.097000	3539
383.959000	3527
383.820000	3549
383.681000	3513
383.542000	3452
383.403000	3463
383.264000	3493
383.125000	3473
382.986000	3449
382.847000	3493
382.708000	3542
382.569000	3546
382.430000	3515
382.291000	3524
382.152000	3495
382.013000	3489
381.874000	3505
381.736000	3489
381.597000	3476
381.458000	3505
381.319000	3548
381.180000	3521
381.041000	3504
380.902000	3486
380.763000	3447
380.624000	3483
380.485000	3492
380.346000	3515
380.207000	3530
380.068000	3498
379.929000	3513
379.790000	3528
379.651000	3530
379.513000	3519
379.374000	3470
379.235000	3462
379.096000	3494
378.957000	3511
378.818000	3518
378.679000	3535
378.540000	3532
378.401000	3511
378.262000	3519
378.123000	3542
377.984000	3514
377.845000	3499
377.706000	3497
377.567000	3507
377.429000	3496
377.290000	3483
377.151000	3539
377.012000	3554
376.873000	3531
376.734000	3511
376.595000	3502
376.456000	3498
376.317000	3493
376.178000	3513
376.039000	3520
375.900000	3512
375.761000	3487
375.622000	3491
375.483000	3505
375.344000	3481
375.206000	3483
375.067000	3474
374.928000	3517
374.789000	3517
374.650000	3490
374.511000	3512
374.372000	3517
374.233000	3508
374.094000	3517
373.955000	3505
373.816000	3504
373.677000	3513
373.538000	3502
373.399000	3521
373.260000	3558
373.121000	3520
372.983000	3519
372.844000	3482
372.705000	3473
372.566000	3458
372.427000	3481
372.288000	3512
372.149000	3524
372.010000	3547
371.871000	3529
371.732000	3528
371.593000	3522
371.454000	3519
371.315000	3518
371.176000	3480
371.037000	3494
370.899000	3476
370.760000	3466
370.621000	3469
370.482000	3489
370.343000	3486
370.204000	3518
370.065000	3527
369.926000	3491
369.787000	3516
369.648000	3509
369.509000	3512
369.370000	3501
369.231000	3501
369.092000	3523
368.953000	3514
368.814000	3531
368.676000	3537
368.537000	3500
368.398000	3506
368.259000	3518
368.120000	3492
367.981000	3480
367.842000	3484
367.703000	3502
367.564000	3510
367.425000	3513
367.286000	3480
367.147000	3449
367.008000	3472
366.869000	3491
366.730000	3492
366.591000	3522
366.453000	3533
366.314000	3523
366.175000	3515
366.036000	3499
365.897000	3534
365.758000	3484
365.619000	3454
365.480000	3446
365.342000	3474
365.203000	3515
365.065000	3529
364.926000	3523
364.788000	3499
364.650000	3494
364.511000	3482
364.373000	3457
364.235000	3474
364.096000	3513
363.958000	3511
363.819000	3499
363.681000	3512
363.543000	3512
363.404000	3530
363.266000	3541
363.127000	3532
362.989000	3511
362.851000	3510
362.712000	3504
362.574000	3494
362.435000	3529
362.297000	3539
362.159000	3516
362.020000	3496
361.882000	3596
361.744000	3585
361.605000	3527
361.467000	3514
361.328000	3494
361.190000	3498
361.052000	3506
360.913000	3502
360.775000	3508
360.636000	3486
360.498000	3488
360.360000	3464
360.221000	3492
360.083000	3501
359.945000	3532
359.806000	3527
359.668000	3516
359.529000	3525
359.391000	3489
359.253000	3496
359.114000	3527
358.976000	3493
358.837000	3484
358.699000	3516
358.561000	3525
358.422000	3509
358.284000	3499
358.146000	3476
358.007000	3477
357.869000	3467
357.730000	3457
357.592000	3457
357.454000	3479
357.315000	3466
357.177000	3480
357.038000	3534
356.900000	3532
356.762000	3531
356.623000	3513
356.485000	3508
356.347000	3506
356.208000	3498
356.070000	3491
355.931000	3474
355.793000	3480
355.655000	3501
355.516000	3490
355.378000	3523
355.239000	3517
355.101000	3535
354.963000	3501
354.824000	3506
354.686000	3533
354.547000	3505
354.409000	3475
354.271000	3505
354.132000	3555
353.994000	3538
353.856000	3544
353.717000	3513
353.579000	3470
353.440000	3488
353.302000	3533
353.164000	3575
353.025000	3542
352.887000	3520
352.748000	3532
352.610000	3534
352.472000	3515
352.333000	3481
352.195000	3484
352.057000	3532
351.918000	3525
351.780000	3505
351.641000	3502
351.503000	3483
351.365000	3509
351.226000	3515
351.088000	3508
350.949000	3540
350.811000	3525
350.673000	3489
350.534000	3513
350.396000	3527
350.258000	3505
350.119000	3534
349.981000	3523
349.842000	3521
349.704000	3502
349.566000	3503
349.427000	3497
349.289000	3482
349.150000	3516
349.012000	3486
348.874000	3470
348.735000	3498
348.597000	3552
348.458000	3525
348.320000	3479
348.182000	3509
348.043000	3508
347.905000	3491
347.767000	3494
347.628000	3499
347.490000	3516
347.351000	3534
347.213000	3528
347.075000	3513
346.936000	3490
346.798000	3481
346.659000	3500
346.521000	3517
346.383000	3499
346.244000	3483
346.106000	3463
345.968000	3494
345.829000	3506
345.691000	3500
345.552000	3525
345.414000	3496
345.276000	3512
345.137000	3529
344.999000	3480
344.860000	3513
344.722000	3560
344.584000	3508
344.445000	3512
344.307000	3543
344.169000	3518
344.030000	3473
343.892000	3480
343.753000	3497
343.615000	3548
343.477000	3538
343.338000	3538
343.200000	3535
343.061000	3534
342.923000	3586
342.785000	3543
342.646000	3457
342.508000	3460
342.370000	3481
342.231000	3485
342.093000	3490
341.954000	3515
341.816000	3551
341.678000	3522
341.539000	3515
341.401000	3512
341.262000	3512
341.124000	3510
340.986000	3531
340.847000	3531
340.709000	3532
340.570000	3537
340.432000	3505
340.294000	3485
340.155000	3502
340.017000	3483
339.879000	3467
339.740000	3459
339.602000	3493
339.463000	3512
339.325000	3491
339.187000	3524
339.048000	3537
338.910000	3528
338.771000	3526
338.633000	3525
338.495000	3524
338.356000	3495
338.218000	3505
338.080000	3510
337.941000	3522
337.803000	3514
337.664000	3499
337.526000	3495
337.388000	3525
337.249000	3518
337.111000	3510
336.972000	3515
336.834000	3541
336.696000	3528
336.557000	3508
336.419000	3520
336.281000	3523
336.142000	3513
336.004000	3502
335.865000	3464
335.727000	3499
335.589000	3493
335.450000	3486
335.312000	3516
335.173000	3494
335.035000	3506
334.897000	3524
334.758000	3537
334.620000	3498
334.481000	3513
334.343000	3493
334.205000	3507
334.066000	3492
333.928000	3478
333.790000	3509
333.651000	3514
333.513000	3526
333.374000	3496
333.236000	3451
333.098000	3483
332.959000	3490
332.821000	3461
332.682000	3502
332.544000	3533
332.406000	3542
332.267000	3550
332.129000	3545
331.991000	3516
331.852000	3470
331.714000	3488
331.575000	3489
331.437000	3506
331.299000	3512
331.160000	3527
331.022000	3532
330.883000	3515
330.745000	3531
330.607000	3502
330.468000	3447
330.330000	3470
330.192000	3494
330.053000	3493
329.915000	3517
329.776000	3501
329.638000	3484
329.500000	3506
329.361000	3496
329.223000	3475
329.084000	3465
328.946000	3487
328.808000	3488
328.669000	3519
328.531000	3528
328.392000	3534
328.254000	3518
328.116000	3487
327.977000	3483
327.839000	3482
327.701000	3507
327.562000	3489
327.424000	3464
327.285000	3487
327.147000	3524
327.009000	3505
326.870000	3515
326.732000	3520
326.593000	3515
326.455000	3479
326.317000	3490
326.178000	3491
326.040000	3503
325.902000	3530
325.763000	3542
325.625000	3513
325.486000	3499
325.348000	3523
325.210000	3539
325.071000	3498
324.933000	3461
324.794000	3477
324.656000	3497
324.518000	3490
324.379000	3501
324.241000	3509
324.103000	3510
323.964000	3506
323.826000	3505
323.687000	3489
323.549000	3485
323.411000	3488
323.272000	3502
323.134000	3511
322.995000	3509
322.857000	3541
322.719000	3578
322.580000	3542
322.442000	3485
322.303000	3477
322.165000	3509
322.027000	3500
321.888000	3514
321.750000	3512
321.612000	3500
321.473000	3499
321.335000	3529
321.196000	3545
321.058000	3485
320.920000	3469
320.781000	3479
320.643000	3484
320.504000	3494
320.366000	3527
320.228000	3548
320.089000	3535
319.951000	3502
319.813000	3535
319.674000	3515
319.536000	3475
319.397000	3468
319.259000	3498
319.121000	3485
318.982000	3488
318.844000	3498
318.705000	3563
318.567000	3555
318.429000	3540
318.290000	3492
318.152000	3515
318.014000	3513
317.875000	3500
317.737000	3478
317.598000	3467
317.460000	3503
317.322000	3531
317.183000	3532
317.045000	3523
316.906000	3512
316.768000	3506
316.630000	3504
316.491000	3484
316.353000	3477
316.214000	3473
316.076000	3506
315.938000	3526
315.799000	3512
315.661000	3462
315.523000	3481
315.384000	3477
315.246000	3476
315.107000	3470
314.969000	3509
314.831000	3526
314.692000	3543
314.554000	3544
314.415000	3516
314.277000	3491
314.139000	3496
314.000000	3505
313.862000	3488
313.724000	3461
313.585000	3418
313.447000	3456
313.308000	3506
313.170000	3497
313.036000	3523
312.902000	3470
312.768000	3465
312.634000	3513
312.500000	3515
312.366000	3484
312.232000	3472
312.098000	3505
311.964000	3543
311.829000	3542
311.695000	3492
311.561000	3485
311.427000	3489
311.293000	3468
311.159000	3459
311.025000	3482
310.891000	3511
310.757000	3517
310.623000	3504
310.489000	3487
310.355000	3498
310.221000	3487
310.087000	3473
309.953000	3492
309.819000	3500
309.685000	3505
309.551000	3503
309.416000	3500
309.282000	3491
309.148000	3507
309.014000	3502
308.880000	3496
308.746000	3494
308.612000	3473
308.478000	3463
308.344000	3485
308.210000	3507
308.076000	3518
307.942000	3529
307.808000	3535
307.674000	3492
307.540000	3474
307.406000	3482
307.272000	3485
307.138000	3509
307.004000	3518
306.869000	3510
306.735000	3497
306.601000	3551
306.467000	3545
306.333000	3520
306.199000	3516
306.065000	3477
305.931000	3486
305.797000	3498
305.663000	3523
305.529000	3506
305.395000	3489
305.261000	3493
305.127000	3497
304.993000	3486
304.859000	3517
304.725000	3492
304.591000	3496
304.456000	3522
304.322000	3507
304.188000	3509
304.054000	3495
303.920000	3480
303.786000	3476
303.652000	3457
303.518000	3451
303.384000	3447
303.250000	3480
303.116000	3495
302.982000	3511
302.848000	3494
302.714000	3507
302.580000	3519
302.446000	3497
302.312000	3515
302.178000	3478
302.044000	3438
301.909000	3465
301.775000	3501
301.641000	3500
301.507000	3497
301.373000	3531
301.239000	3532
301.105000	3471
300.971000	3446
300.837000	3459
300.703000	3499
300.569000	3507
300.435000	3512
300.301000	3505
300.167000	3524
300.033000	3525
299.899000	3513
299.765000	3508
299.631000	3505
299.496000	3516
299.362000	3512
299.228000	3476
299.094000	3496
298.960000	3511
298.826000	3507
298.692000	3514
298.558000	3503
298.424000	3510
298.290000	3491
298.156000	3488
298.022000	3493
297.888000	3516
297.754000	3523
297.620000	3515
297.486000	3532
297.352000	3538
297.218000	3528
297.084000	3510
296.949000	3517
296.815000	3483
296.681000	3488
296.547000	3511
296.413000	3516
296.279000	3529
296.145000	3504
296.011000	3501
295.877000	3517
295.743000	3489
295.609000	3536
295.475000	3538
295.341000	3523
295.207000	3501
295.073000	3518
294.939000	3520
294.805000	3493
294.671000	3516
294.536000	3493
294.402000	3493
294.268000	3520
294.134000	3532
294.000000	3515
293.866000	3507
293.732000	3516
293.598000	3522
293.464000	3493
293.330000	3492
293.196000	3510
293.062000	3523
292.928000	3506
292.794000	3503
292.660000	3503
292.526000	3490
292.392000	3557
292.258000	3572
292.124000	3535
291.989000	3541
291.855000	3489
291.721000	3472
291.587000	3477
291.453000	3484
291.319000	3506
291.185000	3511
291.051000	3499
290.917000	3520
290.783000	3542
290.649000	3496
290.515000	3458
290.381000	3483
290.247000	3500
290.113000	3524
289.979000	3487
289.845000	3459
289.711000	3522
289.576000	3528
289.442000	3499
289.308000	3499
289.174000	3494
289.040000	3493
288.906000	3480
288.772000	3488
288.638000	3542
288.504000	3545
288.370000	3521
288.236000	3532
288.102000	3505
287.968000	3503
287.834000	3517
287.700000	3493
287.566000	3468
287.432000	3477
287.298000	3498
287.164000	3500
287.029000	3486
286.895000	3510
286.761000	3526
286.627000	3493
286.493000	3468
286.359000	3468
286.225000	3488
286.091000	3519
285.957000	3508
285.823000	3516
285.689000	3523
285.555000	3521
285.421000	3543
285.287000	3529
285.153000	3532
285.019000	3510
284.885000	3494
284.751000	3486
284.616000	3472
284.482000	3488
284.348000	3499
284.214000	3488
284.080000	3513
283.946000	3480
283.812000	3505
283.678000	3513
283.544000	3509
283.410000	3508
283.276000	3508
283.142000	3549
283.008000	3560
282.874000	3529
282.740000	3481
282.606000	3494
282.472000	3530
282.338000	3489
282.204000	3480
282.069000	3533
281.935000	3516
281.801000	3500
281.667000	3511
281.533000	3503
281.399000	3482
281.265000	3490
281.131000	3501
280.997000	3526
280.863000	3513
280.729000	3526
280.595000	3510
280.461000	3484
280.327000	3528
280.193000	3548
280.059000	3532
279.925000	3496
279.791000	3483
279.656000	3504
279.522000	3519
279.388000	3530
279.254000	3498
279.120000	3478
278.986000	3505
278.852000	3512
278.718000	3446
278.584000	3432
278.450000	3495
278.316000	3520
278.182000	3501
278.048000	3484
277.914000	3524
277.780000	3522
277.646000	3489
277.512000	3466
277.378000	3466
277.244000	3523
277.109000	3479
276.975000	3481
276.841000	3482
276.707000	3495
276.573000	3488
276.439000	3500
276.305000	3521
276.171000	3502
276.037000	3472
275.903000	3495
275.769000	3475
275.635000	3502
275.501000	3497
275.367000	3476
275.233000	3470
275.099000	3521
274.965000	3517
274.831000	3464
274.696000	3488
274.562000	3514
274.428000	3536
274.294000	3509
274.160000	3497
274.026000	3495
273.892000	3488
273.758000	3503
273.624000	3545
273.490000	3515
273.356000	3508
273.222000	3504
273.088000	3531
272.954000	3556
272.820000	3516
272.686000	3509
272.552000	3514
272.418000	3505
272.284000	3510
272.149000	3490
272.015000	3494
271.881000	3473
271.747000	3483
271.613000	3504
271.479000	3505
271.345000	3501
271.211000	3501
271.077000	3502
270.943000	3506
270.809000	3493
270.675000	3526
270.541000	3471
270.407000	3457
270.273000	3485
270.139000	3475
270.005000	3490
269.871000	3516
269.736000	3515
269.602000	3497
269.468000	3492
269.334000	3496
269.200000	3503
269.066000	3490
268.932000	3497
268.798000	3520
268.664000	3540
268.530000	3550
268.396000	3520
268.262000	3470
268.128000	3497
267.994000	3508
267.860000	3519
267.726000	3504
267.592000	3521
267.458000	3514
267.324000	3516
267.189000	3502
267.055000	3501
266.921000	3483
266.787000	3511
266.653000	3489
266.519000	3506
266.385000	3527
266.251000	3523
266.117000	3499
265.983000	3509
265.849000	3499
265.715000	3498
265.581000	3484
265.447000	3505
265.313000	3511
265.179000	3490
265.045000	3488
264.911000	3487
264.776000	3523
264.642000	3503
264.508000	3507
264.374000	3539
264.240000	3489
264.106000	3508
263.972000	3515
263.838000	3484
263.704000	3508
263.570000	3528
263.436000	3534
263.302000	3529
263.168000	3493
263.034000	3484
262.900000	3475
262.766000	3464
262.632000	3506
262.498000	3504
262.364000	3495
262.229000	3510
262.095000	3535
261.961000	3506
261.827000	3535
261.693000	3507
261.559000	3488
261.425000	3549
261.291000	3563
261.157000	3518
261.023000	3516
260.889000	3503
260.755000	3503
260.621000	3511
260.487000	3537
260.353000	3512
260.219000	3500
260.085000	3497
259.951000	3512
259.816000	3529
259.682000	3502
259.548000	3520
259.414000	3529
259.280000	3513
259.146000	3514
259.012000	3516
258.878000	3501
258.744000	3481
258.610000	3518
258.476000	3505
258.342000	3513
258.208000	3512
258.074000	3496
257.940000	3508
257.806000	3511
257.672000	3502
257.538000	3492
257.404000	3510
257.269000	3531
257.135000	3526
257.001000	3511
256.867000	3490
256.733000	3486
256.599000	3497
256.465000	3481
256.331000	3492
256.197000	3524
256.063000	3531
255.929000	3556
255.795000	3523
255.661000	3489
255.527000	3498
255.393000	3519
255.259000	3516
255.125000	3473
254.991000	3456
254.856000	3478
254.722000	3479
254.588000	3512
254.454000	3503
254.320000	3499
254.186000	3505
254.052000	3516
253.918000	3491
253.784000	3490
253.650000	3506
253.518000	3486
253.385000	3507
253.253000	3493
253.120000	3491
252.988000	3501
252.856000	3523
252.723000	3509
252.591000	3486
252.458000	3480
252.326000	3482
252.193000	3497
252.061000	3530
251.929000	3476
251.796000	3488
251.664000	3521
251.531000	3502
251.399000	3495
251.267000	3497
251.134000	3489
251.002000	3545
250.869000	3559
250.737000	3493
250.605000	3501
250.472000	3547
250.340000	3571
250.207000	3536
250.075000	3501
249.943000	3490
249.810000	3526
249.678000	3538
249.545000	3522
249.413000	3507
249.280000	3520
249.148000	3498
249.016000	3507
248.883000	3547
248.751000	3524
248.618000	3496
248.486000	3484
248.354000	3522
248.221000	3537
248.089000	3514
247.956000	3509
247.824000	3495
247.692000	3490
247.559000	3504
247.427000	3493
247.294000	3450
247.162000	3484
247.029000	3487
246.897000	3552
246.765000	3550
246.632000	3530
246.500000	3529
246.367000	3537
246.235000	3489
246.103000	3499
245.970000	3498
245.838000	3516
245.705000	3507
245.573000	3494
245.441000	3500
245.308000	3507
245.176000	3494
245.043000	3479
244.911000	3538
244.779000	3511
244.646000	3471
244.514000	3466
244.381000	3453
244.249000	3518
244.116000	3516
243.984000	3488
243.852000	3540
243.719000	3533
243.587000	3516
243.454000	3523
243.322000	3489
243.190000	3477
243.057000	3491
242.925000	3527
242.792000	3545
242.660000	3500
242.528000	3477
242.395000	3527
242.263000	3528
242.130000	3484
241.998000	3473
241.865000	3495
241.733000	3472
241.601000	3493
241.468000	3506
241.336000	3468
241.203000	3499
241.071000	3523
240.939000	3537
240.806000	3496
240.674000	3516
240.541000	3519
240.409000	3504
240.277000	3483
240.144000	3460
240.012000	3494
239.879000	3505
239.747000	3488
239.614000	3488
239.482000	3456
239.350000	3446
239.217000	3461
239.085000	3475
238.952000	3485
238.820000	3516
238.688000	3550
238.555000	3532
238.423000	3502
238.290000	3525
238.158000	3481
238.026000	3460
237.893000	3486
237.761000	3518
237.628000	3512
237.496000	3525
237.364000	3527
237.231000	3524
237.099000	3548
236.966000	3531
236.834000	3468
236.701000	3513
236.569000	3510
236.437000	3477
236.304000	3461
236.172000	3517
236.039000	3523
235.907000	3510
235.775000	3497
235.642000	3489
235.510000	3471
235.377000	3492
235.245000	3529
235.113000	3519
234.980000	3525
234.848000	3509
234.715000	3495
234.583000	3489
234.450000	3501
234.318000	3480
234.186000	3481
234.053000	3495
233.921000	3496
233.788000	3522
233.656000	3506
233.524000	3530
233.391000	3524
233.259000	3512
233.126000	3495
232.994000	3432
232.862000	3465
232.729000	3492
232.597000	3464
232.464000	3502
232.332000	3543
232.200000	3495
232.067000	3525
231.935000	3569
231.802000	3534
231.670000	3462
231.537000	3464
231.405000	3527
231.273000	3520
231.140000	3536
231.008000	3516
230.875000	3520
230.743000	3536
230.611000	3500
230.478000	3493
230.346000	3503
230.213000	3476
230.081000	3462
229.949000	3509
229.816000	3554
229.684000	3527
229.551000	3517
229.419000	3471
229.286000	3501
229.154000	3537
229.022000	3483
228.889000	3480
228.757000	3505
228.624000	3489
228.492000	3499
228.360000	3505
228.227000	3501
228.095000	3482
227.962000	3500
227.830000	3519
227.698000	3516
227.565000	3516
227.433000	3535
227.300000	3513
227.168000	3504
227.036000	3527
226.903000	3522
226.771000	3506
226.638000	3523
226.506000	3517
226.373000	3520
226.241000	3501
226.109000	3482
225.976000	3479
225.844000	3487
225.711000	3477
225.579000	3483
225.447000	3507
225.314000	3506
225.182000	3469
225.049000	3464
224.917000	3499
224.785000	3513
224.652000	3505
224.520000	3507
224.387000	3507
224.255000	3514
224.122000	3498
223.990000	3514
223.858000	3512
223.725000	3516
223.593000	3492
223.460000	3508
223.328000	3516
223.196000	3500
223.063000	3516
222.931000	3493
222.798000	3497
222.666000	3467
222.534000	3479
222.401000	3516
222.269000	3535
222.136000	3518
222.004000	3527
221.871000	3519
221.739000	3513
221.607000	3487
221.474000	3501
221.342000	3500
221.209000	3515
221.077000	3520
220.945000	3512
220.812000	3496
220.680000	3484
220.547000	3513
220.415000	3516
220.283000	3524
220.150000	3518
220.018000	3507
219.885000	3556
219.753000	3525
219.621000	3482
219.488000	3493
219.356000	3486
219.223000	3474
219.091000	3503
218.958000	3524
218.826000	3524
218.694000	3519
218.561000	3496
218.429000	3503
218.296000	3474
218.164000	3482
218.032000	3491
217.899000	3493
217.767000	3498
217.634000	3567
217.502000	3562
217.370000	3490
217.237000	3483
217.105000	3479
216.972000	3499
216.840000	3535
216.707000	3506
216.575000	3497
216.443000	3550
216.310000	3516
216.178000	3475
216.045000	3477
215.913000	3476
215.781000	3467
215.648000	3474
215.516000	3500
215.383000	3495
215.251000	3537
215.119000	3527
214.986000	3532
214.854000	3498
214.721000	3491
214.589000	3511
214.457000	3492
214.324000	3457
214.192000	3494
214.059000	3541
213.927000	3510
213.794000	3517
213.662000	3529
213.530000	3463
213.397000	3438
213.265000	3457
213.132000	3469
213.000000	3480
212.868000	3485
212.735000	3556
212.603000	3531
212.470000	3493
212.338000	3515
212.206000	3511
212.073000	3532
211.941000	3517
211.808000	3497
211.676000	3480
211.543000	3495
211.411000	3526
211.279000	3546
211.146000	3515
211.014000	3494
210.881000	3464
210.749000	3467
210.617000	3485
210.484000	3476
210.352000	3503
210.219000	3495
210.087000	3477
209.955000	3493
209.822000	3491
209.690000	3489
209.557000	3492
209.425000	3477
209.292000	3494
209.160000	3514
209.028000	3519
208.895000	3519
208.763000	3506
208.630000	3535
208.498000	3528
208.366000	3485
208.233000	3501
208.101000	3488
207.968000	3496
207.836000	3516
207.704000	3499
207.571000	3494
207.439000	3497
207.306000	3516
207.174000	3501
207.042000	3518
206.909000	3525
206.777000	3486
206.644000	3484
206.512000	3520
206.379000	3518
206.247000	3484
206.115000	3491
205.982000	3493
205.850000	3482
205.717000	3510
205.585000	3562
205.453000	3524
205.320000	3498
205.188000	3511
205.055000	3508
204.923000	3510
204.791000	3545
204.658000	3524
204.526000	3492
204.393000	3480
204.261000	3502
204.128000	3503
203.996000	3478
203.864000	3500
203.731000	3503
203.599000	3494
203.466000	3498
203.334000	3542
203.202000	3527
203.069000	3503
202.937000	3485
202.804000	3507
202.672000	3498
202.540000	3478
202.407000	3496
202.275000	3482
202.142000	3503
202.010000	3508
201.878000	3476
201.745000	3491
201.613000	3491
201.480000	3456
201.348000	3461
201.215000	3492
201.083000	3483
200.951000	3464
200.818000	3506
200.686000	3512
200.553000	3479
200.421000	3495
200.289000	3506
200.156000	3505
200.024000	3493
199.891000	3489
199.759000	3518
199.627000	3521
199.494000	3514
199.362000	3533
199.229000	3501
199.097000	3485
198.964000	3520
198.832000	3510
198.700000	3479
198.567000	3507
198.435000	3488
198.302000	3494
198.170000	3503
198.038000	3495
197.905000	3490
