wavelength_nm	intensity
721.892000	3489
721.735000	3492
721.577000	3480
721.420000	3487
721.262000	3481
721.105000	3486
720.948000	3517
720.790000	3523
720.633000	3502
720.475000	3495
720.318000	3494
720.160000	3494
720.003000	3502
719.845000	3497
719.688000	3502
719.530000	3482
719.373000	3490
719.215000	3481
719.058000	3519
718.900000	3497
718.743000	3510
718.586000	3498
718.428000	3508
718.271000	3505
718.113000	3486
717.956000	3506
717.798000	3504
717.641000	3505
717.483000	3508
717.326000	3442
717.168000	3445
717.011000	3474
716.853000	3504
716.696000	3471
716.538000	3448
716.381000	3504
716.223000	3545
716.066000	3509
715.909000	3500
715.751000	3480
715.594000	3483
715.436000	3470
715.279000	3458
715.121000	3486
714.964000	3499
714.806000	3549
714.649000	3535
714.491000	3494
714.334000	3487
714.176000	3475
714.019000	3496
713.861000	3536
713.704000	3515
713.547000	3483
713.389000	3472
713.232000	3502
713.074000	3509
712.917000	3513
712.759000	3495
712.602000	3473
712.444000	3499
712.287000	3514
712.129000	3496
711.972000	3498
711.814000	3510
711.657000	3562
711.499000	3515
711.342000	3505
711.185000	3492
711.027000	3487
710.870000	3514
710.712000	3507
710.555000	3513
710.397000	3545
710.240000	3531
710.082000	3500
709.925000	3502
709.767000	3507
709.610000	3495
709.452000	3509
709.295000	3532
709.137000	3499
708.980000	3507
708.822000	3516
708.665000	3527
708.508000	3530
708.350000	3497
708.193000	3502
708.035000	3472
707.878000	3496
707.720000	3483
707.563000	3478
707.405000	3496
707.248000	3527
707.090000	3533
706.933000	3535
706.775000	3550
706.618000	3496
706.460000	3509
706.303000	3531
706.146000	3478
705.988000	3457
705.831000	3479
705.673000	3512
705.516000	3544
705.358000	3512
705.201000	3525
705.043000	3498
704.886000	3500
704.728000	3500
704.571000	3496
704.413000	3532
704.256000	3525
704.098000	3503
703.941000	3510
703.784000	3531
703.626000	3499
703.469000	3477
703.311000	3480
703.154000	3475
702.996000	3496
702.839000	3531
702.681000	3556
702.524000	3520
702.366000	3510
702.209000	3531
702.051000	3527
701.894000	3513
701.736000	3501
701.579000	3479
701.422000	3498
701.264000	3548
701.107000	3546
700.949000	3522
700.792000	3532
700.634000	3554
700.477000	3542
700.319000	3520
700.162000	3558
700.004000	3545
699.847000	3482
699.689000	3490
699.532000	3508
699.374000	3510
699.217000	3554
699.059000	3524
698.902000	3490
698.745000	3520
698.587000	3495
698.430000	3490
698.272000	3493
698.115000	3511
697.957000	3527
697.800000	3560
697.642000	3529
697.485000	3535
697.327000	3548
697.170000	3522
697.012000	3512
696.855000	3526
696.697000	3490
696.540000	3507
696.388000	3520
696.235000	3518
696.083000	3483
695.931000	3500
695.778000	3494
695.626000	3462
695.474000	3488
695.321000	3545
695.169000	3527
695.017000	3544
694.864000	3538
694.712000	3510
694.560000	3534
694.407000	3519
694.255000	3505
694.103000	3521
693.950000	3521
693.798000	3558
693.646000	3538
693.493000	3505
693.341000	3530
693.189000	3538
693.036000	3552
692.884000	3532
692.732000	3478
692.579000	3487
692.427000	3500
692.275000	3521
692.122000	3509
691.970000	3524
691.818000	3543
691.665000	3549
691.513000	3532
691.361000	3463
691.208000	3494
691.056000	3513
690.904000	3533
690.751000	3531
690.599000	3518
690.447000	3531
690.294000	3568
690.142000	3546
689.990000	3534
689.837000	3518
689.685000	3523
689.533000	3501
689.380000	3488
689.228000	3502
689.076000	3513
688.923000	3530
688.771000	3559
688.619000	3539
688.466000	3558
688.314000	3499
688.162000	3516
688.009000	3513
687.857000	3533
687.705000	3533
687.552000	3584
687.400000	3558
687.248000	3511
687.095000	3540
686.943000	3539
686.791000	3520
686.638000	3535
686.486000	3551
686.334000	3523
686.181000	3526
686.029000	3563
685.877000	3581
685.724000	3552
685.572000	3543
685.420000	3573
685.267000	3547
685.115000	3532
684.963000	3564
684.811000	3548
684.658000	3552
684.506000	3542
684.354000	3573
684.201000	3578
684.049000	3513
683.897000	3508
683.744000	3541
683.592000	3551
683.440000	3552
683.287000	3562
683.135000	3547
682.983000	3539
682.830000	3557
682.678000	3573
682.526000	3575
682.373000	3512
682.221000	3535
682.069000	3526
681.916000	3514
681.764000	3535
681.612000	3551
681.459000	3569
681.307000	3602
681.155000	3597
681.002000	3543
680.850000	3523
680.698000	3541
680.545000	3569
680.393000	3590
680.241000	3544
680.088000	3536
679.936000	3561
679.784000	3562
679.631000	3601
679.479000	3587
679.327000	3559
679.174000	3578
679.022000	3591
678.870000	3566
678.717000	3573
678.565000	3555
678.413000	3552
678.260000	3581
678.108000	3594
677.956000	3571
677.803000	3552
677.651000	3575
677.499000	3588
677.346000	3595
677.194000	3599
677.042000	3600
676.889000	3581
676.737000	3585
676.585000	3586
676.432000	3576
676.280000	3587
676.128000	3583
675.975000	3591
675.823000	3613
675.671000	3612
675.518000	3614
675.366000	3609
675.214000	3585
675.061000	3561
674.909000	3550
674.757000	3542
674.604000	3578
674.452000	3601
674.300000	3592
674.147000	3595
673.995000	3638
673.843000	3631
673.690000	3627
673.538000	3624
673.386000	3614
673.233000	3618
673.081000	3586
672.929000	3593
672.776000	3654
672.624000	3630
672.472000	3594
672.319000	3652
672.167000	3671
672.015000	3609
671.862000	3591
671.710000	3581
671.558000	3569
671.405000	3605
671.253000	3676
671.101000	3673
670.948000	3648
670.796000	3618
670.644000	3642
670.491000	3630
670.339000	3600
670.187000	3587
670.034000	3618
669.882000	3604
669.730000	3628
669.577000	3672
669.425000	3647
669.273000	3646
669.120000	3649
668.968000	3631
668.816000	3677
668.663000	3669
668.511000	3674
668.359000	3657
668.206000	3653
668.054000	3675
667.902000	3663
667.749000	3694
667.597000	3708
667.445000	3648
667.292000	3661
667.140000	3634
666.988000	3620
666.835000	3625
666.683000	3640
666.531000	3661
666.378000	3653
666.226000	3678
666.074000	3669
665.921000	3624
665.769000	3620
665.617000	3612
665.464000	3625
665.312000	3594
665.160000	3640
665.007000	3656
664.855000	3620
664.703000	3632
664.550000	3648
664.398000	3633
664.246000	3629
664.093000	3635
663.941000	3649
663.789000	3667
663.636000	3631
663.484000	3607
663.332000	3614
663.179000	3627
663.027000	3570
662.875000	3551
662.722000	3581
662.570000	3607
662.418000	3608
662.265000	3630
662.113000	3629
661.961000	3619
661.808000	3634
661.656000	3613
661.504000	3567
661.351000	3594
661.199000	3625
661.047000	3614
660.894000	3632
660.742000	3663
660.590000	3617
660.438000	3596
660.285000	3591
660.133000	3581
659.981000	3603
659.828000	3628
659.676000	3580
659.524000	3583
659.371000	3582
659.219000	3590
659.067000	3578
658.914000	3613
658.762000	3615
658.610000	3630
658.457000	3602
658.305000	3590
658.153000	3621
658.000000	3645
657.848000	3629
657.696000	3628
657.543000	3604
657.391000	3631
657.239000	3617
657.086000	3624
656.934000	3613
656.782000	3628
656.629000	3615
656.477000	3586
656.325000	3621
656.172000	3680
656.020000	3658
655.868000	3648
655.715000	3648
655.563000	3612
655.411000	3621
655.258000	3640
655.106000	3625
654.954000	3599
654.801000	3640
654.649000	3653
654.497000	3629
654.344000	3601
654.192000	3599
654.040000	3616
653.887000	3624
653.735000	3638
653.583000	3619
653.430000	3608
653.278000	3616
653.126000	3628
652.973000	3640
652.821000	3685
652.669000	3656
652.516000	3603
652.364000	3620
652.212000	3621
652.059000	3646
651.907000	3624
651.755000	3631
651.602000	3663
651.450000	3706
651.298000	3663
651.145000	3674
650.993000	3650
650.841000	3626
650.688000	3632
650.536000	3640
650.384000	3648
650.231000	3635
650.079000	3658
649.927000	3703
649.774000	3701
649.622000	3671
649.470000	3624
649.317000	3663
649.165000	3660
649.013000	3684
648.860000	3676
648.708000	3702
648.556000	3735
648.403000	3659
648.251000	3658
648.099000	3650
647.946000	3664
647.794000	3702
647.642000	3673
647.489000	3664
647.337000	3715
647.185000	3718
647.032000	3654
646.880000	3648
646.728000	3696
646.575000	3690
646.423000	3699
646.271000	3708
646.118000	3651
645.966000	3675
645.814000	3689
645.661000	3695
645.509000	3714
645.357000	3731
645.204000	3700
645.052000	3657
644.900000	3702
644.747000	3748
644.595000	3734
644.443000	3664
644.290000	3703
644.138000	3751
643.986000	3711
643.833000	3671
643.681000	3710
643.529000	3715
643.376000	3694
643.224000	3721
643.072000	3678
642.919000	3681
642.767000	3741
642.615000	3738
642.462000	3726
642.310000	3761
642.158000	3738
642.005000	3705
641.853000	3744
641.701000	3685
641.548000	3688
641.396000	3730
641.244000	3735
641.091000	3694
640.939000	3681
640.787000	3729
640.634000	3687
640.482000	3679
640.330000	3720
640.177000	3721
640.025000	3727
639.873000	3712
639.720000	3678
639.568000	3708
639.416000	3739
639.263000	3700
639.111000	3727
638.959000	3767
638.806000	3744
638.654000	3712
638.502000	3712
638.349000	3765
638.197000	3730
638.045000	3712
637.892000	3720
637.740000	3691
637.588000	3650
637.435000	3693
637.283000	3720
637.131000	3734
636.979000	3741
636.826000	3753
636.674000	3784
636.521000	3773
636.369000	3772
636.217000	3771
636.065000	3702
635.912000	3702
635.760000	3703
635.608000	3689
635.455000	3715
635.303000	3719
635.151000	3752
634.998000	3764
634.846000	3747
634.694000	3755
634.541000	3727
634.389000	3719
634.237000	3729
634.084000	3753
633.932000	3732
633.780000	3760
633.627000	3756
633.475000	3732
633.323000	3724
633.170000	3704
633.018000	3718
632.866000	3758
632.713000	3781
632.561000	3756
632.409000	3737
632.256000	3751
632.104000	3739
631.952000	3765
631.799000	3789
631.647000	3740
631.495000	3740
631.342000	3772
631.190000	3772
631.038000	3713
630.885000	3742
630.733000	3762
630.581000	3779
630.428000	3754
630.276000	3780
630.124000	3750
629.971000	3733
629.819000	3751
629.667000	3748
629.514000	3765
629.362000	3770
629.210000	3759
629.057000	3765
628.905000	3774
628.753000	3749
628.600000	3707
628.448000	3740
628.296000	3764
628.143000	3764
627.991000	3749
627.839000	3732
627.686000	3762
627.534000	3720
627.382000	3722
627.229000	3759
627.077000	3789
626.925000	3791
626.772000	3765
626.620000	3781
626.468000	3785
626.315000	3768
626.163000	3771
626.011000	3729
625.858000	3762
625.706000	3778
625.554000	3798
625.401000	3793
625.249000	3747
625.097000	3743
624.944000	3764
624.792000	3778
624.640000	3806
624.487000	3839
624.335000	3788
624.183000	3710
624.030000	3719
623.878000	3768
623.726000	3795
623.573000	3807
623.421000	3819
623.269000	3788
623.116000	3769
622.964000	3764
622.812000	3805
622.659000	3777
622.507000	3787
622.355000	3770
622.202000	3771
622.050000	3805
621.898000	3786
621.745000	3803
621.593000	3817
621.441000	3778
621.288000	3759
621.136000	3781
620.984000	3778
620.831000	3792
620.679000	3782
620.527000	3768
620.374000	3777
620.222000	3802
620.070000	3799
619.917000	3813
619.765000	3780
619.613000	3738
619.460000	3734
619.308000	3749
619.156000	3772
619.003000	3787
618.851000	3825
618.699000	3800
618.546000	3762
618.394000	3764
618.242000	3756
618.089000	3759
617.937000	3797
617.785000	3805
617.632000	3795
617.480000	3853
617.328000	3829
617.175000	3810
617.023000	3808
616.871000	3841
616.718000	3848
616.566000	3833
616.414000	3822
616.261000	3787
616.109000	3773
615.957000	3813
615.804000	3821
615.652000	3814
615.500000	3806
615.347000	3808
615.195000	3803
615.043000	3859
614.890000	3818
614.738000	3795
614.586000	3843
614.433000	3863
614.281000	3841
614.129000	3828
613.976000	3795
613.824000	3820
613.672000	3828
613.519000	3808
613.367000	3784
613.215000	3802
613.063000	3823
612.910000	3813
612.758000	3808
612.606000	3814
612.453000	3811
612.301000	3784
612.149000	3806
611.996000	3828
611.844000	3781
611.692000	3799
611.539000	3852
611.387000	3838
611.235000	3838
611.082000	3842
610.930000	3872
610.778000	3801
610.625000	3830
610.473000	3864
610.321000	3835
610.168000	3827
610.016000	3883
609.864000	3876
609.711000	3805
609.559000	3828
609.407000	3839
609.254000	3812
609.102000	3877
608.950000	3876
608.797000	3804
608.645000	3811
608.493000	3833
608.340000	3839
608.188000	3854
608.036000	3868
607.883000	3872
607.731000	3879
607.579000	3848
607.426000	3838
607.274000	3847
607.122000	3834
606.969000	3794
606.817000	3865
606.665000	3873
606.512000	3854
606.360000	3852
606.208000	3819
606.055000	3819
605.903000	3821
605.751000	3848
605.598000	3860
605.446000	3883
605.294000	3855
605.141000	3853
604.989000	3902
604.837000	3852
604.684000	3831
604.532000	3852
604.380000	3845
604.227000	3880
604.075000	3888
603.923000	3869
603.770000	3836
603.618000	3825
603.466000	3864
603.313000	3855
603.161000	3870
603.009000	3812
602.856000	3814
602.704000	3842
602.552000	3861
602.399000	3817
602.247000	3882
602.095000	3896
601.942000	3893
601.790000	3837
601.638000	3827
601.485000	3867
601.333000	3865
601.181000	3827
601.028000	3849
600.876000	3887
600.724000	3902
600.571000	3900
600.419000	3890
600.267000	3887
600.114000	3848
599.962000	3841
599.810000	3872
599.657000	3892
599.505000	3887
599.353000	3872
599.200000	3888
599.048000	3884
598.896000	3862
598.743000	3863
598.591000	3886
598.439000	3895
598.286000	3897
598.134000	3921
597.982000	3887
597.829000	3888
597.677000	3899
597.525000	3881
597.372000	3860
597.220000	3850
597.068000	3889
596.915000	3936
596.763000	3896
596.611000	3867
596.458000	3876
596.306000	3878
596.154000	3908
596.001000	3888
595.849000	3860
595.697000	3904
595.544000	3905
595.392000	3890
595.240000	3873
595.087000	3884
594.935000	3864
594.783000	3861
594.630000	3890
594.478000	3890
594.326000	3841
594.173000	3882
594.021000	3875
593.869000	3845
593.716000	3894
593.564000	3892
593.412000	3863
593.259000	3845
593.107000	3864
592.955000	3896
592.802000	3872
592.650000	3845
592.498000	3844
592.345000	3853
592.193000	3876
592.041000	3878
591.888000	3864
591.736000	3891
591.584000	3890
591.431000	3893
591.279000	3874
591.127000	3825
590.974000	3829
590.822000	3829
590.670000	3836
590.517000	3874
590.365000	3923
590.213000	3935
590.060000	3887
589.908000	3847
589.756000	3874
589.603000	3863
589.451000	3888
589.299000	3880
589.146000	3885
588.994000	3921
588.842000	3919
588.689000	3936
588.537000	3952
588.385000	3888
588.233000	3890
588.080000	3885
587.928000	3873
587.776000	3855
587.623000	3864
587.471000	3885
587.319000	3884
587.166000	3881
587.014000	3886
586.862000	3875
586.709000	3873
586.557000	3891
586.405000	3881
586.252000	3868
586.100000	3901
585.948000	3920
585.795000	3917
585.643000	3915
585.491000	3902
585.338000	3877
585.186000	3860
585.034000	3837
584.881000	3867
584.729000	3857
584.577000	3881
584.424000	3910
584.272000	3917
584.120000	3927
583.967000	3900
583.815000	3857
583.663000	3870
583.510000	3882
583.358000	3904
583.206000	3870
583.053000	3839
582.901000	3898
582.749000	3875
582.596000	3839
582.444000	3863
582.292000	3881
582.139000	3860
581.987000	3869
581.835000	3880
581.682000	3902
581.530000	3902
581.378000	3901
581.225000	3921
581.073000	3912
580.921000	3865
580.768000	3856
580.616000	3860
580.464000	3839
580.311000	3874
580.159000	3885
580.007000	3885
579.854000	3891
579.702000	3826
579.550000	3846
579.397000	3877
579.245000	3885
579.093000	3893
578.940000	3890
578.788000	3879
578.636000	3898
578.483000	3925
578.331000	3938
578.179000	3894
578.026000	3874
577.874000	3803
577.722000	3808
577.569000	3853
577.417000	3827
577.265000	3848
577.112000	3868
576.960000	3864
576.810000	3881
576.660000	3848
576.510000	3866
576.360000	3843
576.210000	3830
576.060000	3858
575.910000	3810
575.760000	3843
575.610000	3929
575.460000	3904
575.311000	3910
575.161000	3926
575.011000	3882
574.861000	3849
574.711000	3879
574.561000	3910
574.411000	3902
574.261000	3866
574.111000	3861
573.961000	3868
573.811000	3884
573.661000	3896
573.511000	3859
573.361000	3863
573.211000	3845
573.061000	3852
572.911000	3833
572.761000	3885
572.611000	3872
572.461000	3858
572.312000	3883
572.162000	3896
572.012000	3868
571.862000	3877
571.712000	3884
571.562000	3866
571.412000	3874
571.262000	3876
571.112000	3883
570.962000	3868
570.812000	3903
570.662000	3912
570.512000	3841
570.362000	3907
570.212000	3909
570.062000	3874
569.912000	3852
569.762000	3861
569.612000	3835
569.462000	3834
569.312000	3897
569.163000	3884
569.013000	3834
568.863000	3832
568.713000	3853
568.563000	3863
568.413000	3860
568.263000	3844
568.113000	3844
567.963000	3874
567.813000	3876
567.663000	3814
567.513000	3822
567.363000	3860
567.213000	3852
567.063000	3826
566.913000	3816
566.763000	3856
566.613000	3893
566.463000	3921
566.313000	3890
566.164000	3843
566.014000	3889
565.864000	3929
565.714000	3887
565.564000	3891
565.414000	3883
565.264000	3855
565.114000	3901
564.964000	3882
564.814000	3816
564.664000	3819
564.514000	3840
564.364000	3845
564.214000	3869
564.064000	3868
563.914000	3819
563.764000	3832
563.614000	3857
563.464000	3851
563.314000	3869
563.164000	3842
563.015000	3835
562.865000	3894
562.715000	3899
562.565000	3850
562.415000	3826
562.265000	3872
562.115000	3883
561.965000	3885
561.815000	3876
561.665000	3898
561.515000	3908
561.365000	3872
561.215000	3817
561.065000	3796
560.915000	3847
560.765000	3876
560.615000	3880
560.465000	3888
560.315000	3858
560.165000	3865
560.015000	3863
559.866000	3872
559.716000	3860
559.566000	3900
559.416000	3862
559.266000	3814
559.116000	3821
558.966000	3854
558.816000	3856
558.666000	3827
558.516000	3868
558.366000	3880
558.216000	3874
558.066000	3878
557.916000	3873
557.766000	3878
557.616000	3880
557.466000	3876
557.316000	3834
557.166000	3890
557.016000	3877
556.866000	3864
556.717000	3858
556.567000	3864
556.417000	3850
556.267000	3891
556.117000	3904
555.967000	3876
555.817000	3845
555.667000	3866
555.517000	3868
555.367000	3873
555.217000	3860
555.067000	3843
554.917000	3865
554.767000	3897
554.617000	3893
554.467000	3897
554.317000	3823
554.167000	3818
554.017000	3848
553.867000	3857
553.718000	3870
553.568000	3854
553.418000	3859
553.268000	3894
553.118000	3881
552.968000	3805
552.818000	3777
552.668000	3844
552.518000	3876
552.368000	3878
552.218000	3884
552.068000	3854
551.918000	3861
551.768000	3902
551.618000	3882
551.468000	3860
551.318000	3855
551.168000	3869
551.018000	3898
550.868000	3873
550.718000	3857
550.569000	3881
550.419000	3895
550.269000	3862
550.119000	3854
549.969000	3845
549.819000	3885
549.669000	3900
549.519000	3879
549.369000	3907
549.219000	3888
549.069000	3866
548.919000	3859
548.769000	3883
548.619000	3889
548.469000	3821
548.319000	3819
548.169000	3824
548.019000	3849
547.869000	3859
547.719000	3889
547.570000	3864
547.420000	3891
547.270000	3884
547.120000	3852
546.970000	3864
546.820000	3845
546.670000	3860
546.520000	3866
546.370000	3879
546.220000	3899
546.070000	3840
545.923000	3883
545.777000	3945
545.630000	3865
545.484000	3835
545.337000	3783
545.191000	3817
545.044000	3840
544.897000	3824
544.751000	3891
544.604000	3879
544.458000	3901
544.311000	3889
544.164000	3834
544.018000	3820
543.871000	3833
543.725000	3837
543.578000	3835
543.432000	3851
543.285000	3867
543.138000	3867
542.992000	3822
542.845000	3814
542.699000	3800
542.552000	3839
542.405000	3851
542.259000	3814
542.112000	3855
541.966000	3859
541.819000	3814
541.673000	3866
541.526000	3874
541.379000	3833
541.233000	3835
541.086000	3842
540.940000	3828
540.793000	3841
540.646000	3853
540.500000	3900
540.353000	3897
540.207000	3885
540.060000	3838
539.914000	3840
539.767000	3849
539.620000	3800
539.474000	3825
539.327000	3835
539.181000	3799
539.034000	3800
538.887000	3830
538.741000	3869
538.594000	3841
538.448000	3830
538.301000	3805
538.155000	3790
538.008000	3794
537.861000	3827
537.715000	3844
537.568000	3853
537.422000	3859
537.275000	3869
537.128000	3873
536.982000	3811
536.835000	3767
536.689000	3790
536.542000	3851
536.396000	3863
536.249000	3875
536.102000	3835
535.956000	3798
535.809000	3837
535.663000	3839
535.516000	3840
535.369000	3854
535.223000	3820
535.076000	3817
534.930000	3819
534.783000	3821
534.637000	3849
534.490000	3876
534.343000	3872
534.197000	3870
534.050000	3851
533.904000	3862
533.757000	3870
533.610000	3868
533.464000	3890
533.317000	3869
533.171000	3858
533.024000	3852
532.878000	3862
532.731000	3846
532.584000	3796
532.438000	3831
532.291000	3814
532.145000	3795
531.998000	3808
531.851000	3811
531.705000	3823
531.558000	3841
531.412000	3842
531.265000	3799
531.119000	3788
530.972000	3799
530.825000	3819
530.679000	3856
530.532000	3856
530.386000	3836
530.239000	3818
530.093000	3823
529.946000	3831
529.799000	3786
529.653000	3776
529.506000	3822
529.360000	3812
529.213000	3827
529.066000	3877
528.920000	3848
528.773000	3860
528.627000	3850
528.480000	3819
528.334000	3810
528.187000	3864
528.040000	3861
527.894000	3810
527.747000	3840
527.601000	3864
527.454000	3842
527.307000	3819
527.161000	3858
527.014000	3899
526.868000	3834
526.721000	3825
526.575000	3856
526.428000	3840
526.281000	3823
526.135000	3812
525.988000	3788
525.842000	3783
525.695000	3819
525.548000	3845
525.402000	3815
525.255000	3818
525.109000	3836
524.962000	3860
524.816000	3896
524.669000	3843
524.522000	3807
524.376000	3816
524.229000	3819
524.083000	3826
523.936000	3860
523.789000	3825
523.643000	3810
523.496000	3833
523.350000	3823
523.203000	3824
523.057000	3833
522.910000	3850
522.763000	3822
522.617000	3803
522.470000	3864
522.324000	3831
522.177000	3820
522.030000	3814
521.884000	3836
521.737000	3842
521.591000	3839
521.444000	3814
521.298000	3808
521.151000	3806
521.004000	3833
520.858000	3911
520.711000	3889
520.565000	3833
520.418000	3838
520.271000	3833
520.125000	3845
519.978000	3883
519.832000	3856
519.685000	3808
519.539000	3810
519.392000	3777
519.245000	3815
519.099000	3867
518.952000	3793
518.806000	3799
518.659000	3809
518.513000	3816
518.366000	3822
518.219000	3801
518.073000	3778
517.926000	3795
517.780000	3824
517.633000	3831
517.486000	3821
517.340000	3806
517.193000	3854
517.047000	3812
516.900000	3785
516.754000	3818
516.607000	3841
516.460000	3820
516.314000	3839
516.167000	3846
516.021000	3797
515.874000	3770
515.727000	3785
515.581000	3804
515.434000	3788
515.288000	3803
515.141000	3801
514.995000	3785
514.848000	3790
514.701000	3796
514.555000	3827
514.408000	3816
514.262000	3771
514.115000	3779
513.968000	3788
513.822000	3840
513.675000	3816
513.529000	3784
513.382000	3767
513.236000	3791
513.089000	3804
512.942000	3794
512.796000	3810
512.649000	3820
512.503000	3803
512.356000	3797
512.209000	3753
512.063000	3776
511.916000	3798
511.770000	3801
511.623000	3799
511.477000	3800
511.330000	3779
511.183000	3759
511.037000	3726
510.890000	3747
510.744000	3778
510.597000	3770
510.450000	3716
510.304000	3731
510.157000	3765
510.011000	3777
509.864000	3737
509.718000	3710
509.571000	3740
509.424000	3746
509.278000	3773
509.131000	3788
508.985000	3813
508.838000	3819
508.691000	3768
508.545000	3746
508.398000	3780
508.252000	3750
508.105000	3740
507.959000	3754
507.812000	3743
507.665000	3747
507.519000	3780
507.372000	3767
507.226000	3767
507.079000	3751
506.932000	3754
506.786000	3763
506.639000	3719
506.493000	3757
506.346000	3762
506.200000	3735
506.053000	3771
505.906000	3766
505.760000	3768
505.613000	3772
505.467000	3745
505.320000	3729
505.173000	3727
505.027000	3722
504.880000	3703
504.734000	3696
504.587000	3714
504.441000	3736
504.294000	3736
504.147000	3734
504.001000	3695
503.854000	3715
503.708000	3713
503.561000	3675
503.415000	3714
503.268000	3752
503.121000	3752
502.975000	3759
502.828000	3705
502.682000	3711
502.535000	3702
502.388000	3671
502.242000	3698
502.095000	3725
501.949000	3737
501.802000	3729
501.656000	3702
501.509000	3713
501.362000	3716
501.216000	3741
501.069000	3719
500.923000	3671
500.776000	3707
500.629000	3730
500.483000	3721
500.336000	3719
500.190000	3720
500.043000	3746
499.897000	3728
499.750000	3712
499.603000	3698
499.457000	3681
499.310000	3693
499.164000	3701
499.017000	3707
498.870000	3693
498.724000	3693
498.577000	3691
498.431000	3685
498.284000	3711
498.138000	3679
497.991000	3684
497.844000	3699
497.698000	3729
497.551000	3708
497.405000	3680
497.258000	3650
497.111000	3670
496.965000	3668
496.818000	3676
496.672000	3674
496.525000	3675
496.379000	3686
496.232000	3669
496.085000	3664
495.939000	3650
495.792000	3626
495.646000	3654
495.499000	3692
495.352000	3625
495.206000	3622
495.059000	3693
494.913000	3700
494.766000	3676
494.620000	3690
494.473000	3705
494.326000	3692
494.180000	3684
494.033000	3672
493.887000	3631
493.740000	3635
493.593000	3648
493.447000	3612
493.300000	3607
493.154000	3618
493.007000	3653
492.861000	3647
492.714000	3616
492.567000	3624
492.421000	3620
492.274000	3630
492.128000	3648
491.981000	3658
491.834000	3636
491.688000	3646
491.541000	3642
491.395000	3615
491.248000	3612
491.102000	3629
490.955000	3609
490.808000	3649
490.662000	3646
490.515000	3632
490.369000	3638
490.222000	3650
490.076000	3648
489.929000	3625
489.782000	3624
489.636000	3633
489.489000	3640
489.343000	3624
489.196000	3655
489.049000	3664
488.903000	3666
488.756000	3649
488.610000	3631
488.463000	3645
488.317000	3638
488.170000	3614
488.023000	3632
487.877000	3675
487.730000	3646
487.584000	3639
487.437000	3657
487.290000	3660
487.144000	3681
486.997000	3671
486.851000	3622
486.704000	3588
486.558000	3647
486.411000	3638
486.264000	3638
486.118000	3651
485.971000	3660
485.825000	3646
485.678000	3666
485.531000	3635
485.385000	3594
485.238000	3585
485.092000	3586
484.945000	3596
484.799000	3644
484.652000	3640
484.505000	3582
484.359000	3601
484.212000	3627
484.066000	3628
483.919000	3644
483.772000	3609
483.626000	3622
483.479000	3621
483.333000	3614
483.186000	3634
483.040000	3643
482.893000	3649
482.746000	3626
482.600000	3617
482.453000	3623
482.307000	3638
482.160000	3624
482.013000	3601
481.867000	3631
481.720000	3636
481.574000	3604
481.427000	3621
481.281000	3619
481.134000	3620
480.987000	3640
480.841000	3650
480.694000	3614
480.548000	3618
480.401000	3642
480.254000	3650
480.108000	3648
479.961000	3624
479.815000	3616
479.668000	3670
479.522000	3632
479.375000	3621
479.228000	3604
479.082000	3614
478.935000	3620
478.789000	3606
478.642000	3610
478.495000	3642
478.349000	3646
478.202000	3652
478.056000	3614
477.909000	3599
477.763000	3598
477.616000	3622
477.469000	3680
477.323000	3677
477.176000	3672
477.030000	3662
476.883000	3698
476.736000	3667
476.590000	3617
476.443000	3622
476.297000	3690
476.150000	3697
476.004000	3667
475.857000	3666
475.710000	3641
475.564000	3666
475.417000	3689
475.271000	3667
475.124000	3667
474.978000	3615
474.831000	3606
474.684000	3664
474.538000	3697
474.391000	3697
474.245000	3661
474.098000	3696
473.951000	3712
473.805000	3661
473.658000	3684
473.512000	3679
473.365000	3659
473.219000	3697
473.072000	3715
472.925000	3702
472.779000	3696
472.632000	3714
472.486000	3729
472.339000	3712
472.192000	3695
472.046000	3698
471.899000	3677
471.753000	3694
471.606000	3730
471.460000	3746
471.313000	3725
471.166000	3730
471.020000	3729
470.873000	3691
470.727000	3736
470.580000	3757
470.433000	3727
470.287000	3715
470.140000	3713
469.994000	3681
469.847000	3686
469.701000	3718
469.554000	3729
469.407000	3739
469.261000	3715
469.114000	3702
468.968000	3723
468.821000	3740
468.674000	3731
468.528000	3734
468.381000	3743
468.235000	3767
468.088000	3749
467.942000	3739
467.795000	3766
467.648000	3764
467.502000	3771
467.355000	3755
467.209000	3776
467.062000	3763
466.915000	3765
466.769000	3784
466.622000	3782
466.476000	3809
466.329000	3798
466.183000	3744
466.036000	3751
465.889000	3817
465.743000	3818
465.596000	3863
465.450000	3860
465.303000	3828
465.156000	3823
465.010000	3815
464.863000	3794
464.717000	3810
464.570000	3831
464.424000	3830
464.277000	3823
464.130000	3821
463.984000	3830
463.837000	3825
463.691000	3806
463.544000	3810
463.397000	3819
463.251000	3855
463.104000	3856
462.958000	3831
462.811000	3850
462.665000	3860
462.518000	3815
462.371000	3812
462.225000	3824
462.078000	3880
461.932000	3888
461.785000	3872
461.639000	3875
461.492000	3883
461.345000	3930
461.199000	3883
461.052000	3889
460.906000	3852
460.759000	3886
460.612000	3924
460.466000	3923
460.319000	3890
460.173000	3943
460.026000	4007
459.880000	3983
459.733000	3974
459.586000	4024
459.440000	3945
459.293000	3929
459.147000	3972
459.000000	3960
458.853000	3971
458.707000	3994
458.560000	4028
458.414000	4055
458.267000	4040
458.121000	4028
457.974000	4031
457.827000	4006
457.681000	4044
457.534000	4073
457.388000	4065
457.241000	4062
457.094000	4049
456.948000	4047
456.801000	4117
456.655000	4106
456.508000	4068
456.362000	4080
456.215000	4106
456.068000	4127
455.922000	4117
455.775000	4144
455.629000	4163
455.482000	4177
455.335000	4163
455.189000	4119
455.042000	4083
454.896000	4093
454.749000	4114
454.603000	4127
454.456000	4184
454.309000	4229
454.163000	4175
454.016000	4156
453.870000	4176
453.723000	4121
453.576000	4119
453.430000	4125
453.283000	4145
453.137000	4155
452.990000	4132
452.844000	4118
452.697000	4177
452.550000	4128
452.404000	4142
452.257000	4116
452.111000	4077
451.964000	4099
451.817000	4155
451.671000	4097
451.524000	4078
451.378000	4111
451.231000	4092
451.085000	4060
450.938000	4073
450.791000	4071
450.645000	4038
450.498000	4017
450.352000	4086
450.205000	4073
450.058000	4037
449.912000	4047
449.765000	4047
449.619000	3987
449.472000	4003
449.326000	4019
449.179000	3986
449.032000	4006
448.886000	3978
448.739000	3963
448.593000	3965
448.446000	3961
448.300000	3993
448.153000	4004
448.006000	3962
447.860000	3918
447.713000	3914
447.567000	3941
447.420000	3921
447.273000	3913
447.127000	3925
446.980000	3909
446.834000	3931
446.687000	3966
446.541000	3942
446.394000	3874
446.247000	3840
446.101000	3821
445.954000	3812
445.808000	3839
445.661000	3849
445.514000	3847
445.368000	3854
445.221000	3853
445.075000	3795
444.928000	3796
444.782000	3822
444.635000	3794
444.488000	3793
444.342000	3829
444.195000	3801
444.049000	3746
443.902000	3759
443.755000	3776
443.609000	3745
443.462000	3778
443.316000	3832
443.169000	3771
443.023000	3771
442.876000	3783
442.729000	3762
442.583000	3745
442.436000	3721
442.290000	3723
442.143000	3722
441.996000	3732
441.850000	3721
441.703000	3710
441.557000	3735
441.410000	3720
441.264000	3709
441.117000	3728
440.970000	3700
440.824000	3714
440.677000	3711
440.531000	3698
440.384000	3735
440.237000	3745
440.091000	3724
439.944000	3686
439.798000	3685
439.651000	3721
439.505000	3697
439.358000	3651
439.211000	3671
439.065000	3683
438.918000	3641
438.772000	3654
438.625000	3694
438.478000	3706
438.332000	3708
438.185000	3699
438.039000	3671
437.892000	3606
437.746000	3630
437.599000	3671
437.452000	3666
437.306000	3654
437.159000	3654
437.013000	3662
436.866000	3663
436.719000	3649
436.573000	3648
436.426000	3624
436.280000	3636
436.133000	3675
435.987000	3651
435.840000	3634
435.697000	3644
435.554000	3626
435.411000	3627
435.268000	3627
435.125000	3642
434.982000	3624
434.839000	3652
434.696000	3627
434.553000	3588
434.410000	3594
434.267000	3605
434.124000	3624
433.981000	3628
433.838000	3626
433.695000	3644
433.552000	3589
433.409000	3575
433.265000	3597
433.122000	3619
432.979000	3603
432.836000	3580
432.693000	3608
432.550000	3620
432.407000	3587
432.264000	3550
432.121000	3578
431.978000	3571
431.835000	3566
431.692000	3581
431.549000	3604
431.406000	3595
431.263000	3562
431.120000	3589
430.977000	3575
430.834000	3542
430.691000	3570
430.548000	3571
430.405000	3571
430.262000	3601
430.119000	3588
429.976000	3564
429.833000	3552
429.690000	3580
429.547000	3593
429.404000	3554
429.261000	3546
429.118000	3518
428.975000	3531
428.832000	3589
428.689000	3594
428.546000	3570
428.403000	3581
428.260000	3555
428.117000	3564
427.973000	3529
427.830000	3548
427.687000	3565
427.544000	3537
427.401000	3539
427.258000	3552
427.115000	3528
426.972000	3545
426.829000	3549
426.686000	3531
426.543000	3533
426.400000	3544
426.257000	3534
426.114000	3521
425.971000	3545
425.828000	3538
425.685000	3543
425.542000	3547
425.399000	3540
425.256000	3502
425.113000	3539
424.970000	3502
424.827000	3485
424.684000	3498
424.541000	3514
424.398000	3530
424.255000	3549
424.112000	3513
423.969000	3512
423.826000	3509
423.683000	3514
423.540000	3542
423.397000	3535
423.254000	3531
423.111000	3555
422.968000	3554
422.825000	3522
422.681000	3531
422.538000	3552
422.395000	3479
422.252000	3473
422.109000	3528
421.966000	3503
421.823000	3521
421.680000	3540
421.537000	3544
421.394000	3580
421.251000	3559
421.108000	3528
420.965000	3495
420.822000	3508
420.679000	3509
420.536000	3531
420.393000	3525
420.250000	3522
420.107000	3544
419.964000	3514
419.821000	3530
419.678000	3546
419.535000	3529
419.392000	3512
419.249000	3535
419.106000	3508
418.963000	3497
418.820000	3535
418.677000	3514
418.534000	3513
418.391000	3515
418.248000	3518
418.105000	3532
417.962000	3532
417.819000	3518
417.676000	3496
417.532000	3520
417.389000	3518
417.246000	3523
417.103000	3528
416.960000	3525
416.817000	3500
416.674000	3491
416.531000	3499
416.388000	3518
416.245000	3492
416.102000	3500
415.959000	3496
415.816000	3470
415.673000	3505
415.530000	3523
415.387000	3528
415.244000	3504
415.101000	3504
414.958000	3483
414.815000	3498
414.672000	3524
414.529000	3518
414.386000	3531
414.243000	3494
414.100000	3483
413.957000	3457
413.814000	3511
413.671000	3525
413.528000	3509
413.385000	3517
413.242000	3532
413.099000	3504
412.956000	3482
412.813000	3494
412.670000	3481
412.527000	3496
412.383000	3544
412.240000	3539
412.097000	3524
411.954000	3517
411.811000	3504
411.668000	3503
411.525000	3486
411.382000	3477
411.239000	3480
411.096000	3516
410.953000	3487
410.810000	3493
410.667000	3491
410.524000	3517
410.381000	3555
410.238000	3531
410.095000	3513
409.952000	3487
409.809000	3466
409.666000	3488
409.523000	3488
409.380000	3503
409.237000	3497
409.094000	3475
408.951000	3477
408.808000	3525
408.665000	3531
408.522000	3548
408.379000	3519
408.236000	3481
408.093000	3508
407.950000	3512
407.807000	3495
407.664000	3532
407.521000	3539
407.378000	3556
407.235000	3522
407.091000	3474
406.948000	3472
406.805000	3474
406.662000	3462
406.519000	3488
406.376000	3516
406.233000	3495
406.090000	3482
405.947000	3528
405.804000	3549
405.661000	3521
405.518000	3474
405.375000	3478
405.232000	3488
405.089000	3488
404.946000	3484
404.803000	3514
404.660000	3537
404.521000	3492
404.382000	3476
404.243000	3491
404.104000	3498
403.965000	3490
403.826000	3470
403.687000	3512
403.549000	3550
403.410000	3536
403.271000	3514
403.132000	3468
402.993000	3486
402.854000	3474
402.715000	3502
402.576000	3523
402.437000	3513
402.298000	3495
402.159000	3495
402.020000	3512
401.881000	3557
401.742000	3524
401.603000	3488
401.464000	3520
401.326000	3521
401.187000	3501
401.048000	3513
400.909000	3519
400.770000	3523
400.631000	3526
400.492000	3499
400.353000	3494
400.214000	3519
400.075000	3485
399.936000	3505
399.797000	3491
399.658000	3513
399.519000	3485
399.380000	3472
399.241000	3478
399.103000	3489
398.964000	3534
398.825000	3502
398.686000	3495
398.547000	3515
398.408000	3508
398.269000	3487
398.130000	3463
397.991000	3485
397.852000	3513
397.713000	3545
397.574000	3504
397.435000	3439
397.296000	3494
397.157000	3533
397.019000	3531
396.880000	3483
396.741000	3445
396.602000	3492
396.463000	3567
396.324000	3564
396.185000	3517
396.046000	3500
395.907000	3501
395.768000	3470
395.629000	3447
395.490000	3460
395.351000	3475
395.212000	3480
395.073000	3504
394.934000	3533
394.796000	3530
394.657000	3485
394.518000	3493
394.379000	3480
394.240000	3492
394.101000	3512
393.962000	3530
393.823000	3504
393.684000	3502
393.545000	3527
393.406000	3517
393.267000	3501
393.128000	3513
392.989000	3500
392.850000	3483
392.711000	3494
392.573000	3515
392.434000	3507
392.295000	3489
392.156000	3504
392.017000	3488
391.878000	3494
391.739000	3495
391.600000	3514
391.461000	3523
391.322000	3525
391.183000	3522
391.044000	3491
390.905000	3484
390.766000	3519
390.627000	3490
390.489000	3494
390.350000	3528
390.211000	3535
390.072000	3493
389.933000	3470
389.794000	3486
389.655000	3509
389.516000	3493
389.377000	3484
389.238000	3463
389.099000	3472
388.960000	3508
388.821000	3516
388.682000	3523
388.543000	3524
388.404000	3490
388.266000	3511
388.127000	3533
387.988000	3502
387.849000	3471
387.710000	3500
387.571000	3529
387.432000	3528
387.293000	3490
387.154000	3491
387.015000	3524
386.876000	3503
386.737000	3501
386.598000	3494
386.459000	3496
386.320000	3460
386.181000	3454
386.043000	3478
385.904000	3473
385.765000	3513
385.626000	3526
385.487000	3531
385.348000	3544
385.209000	3536
385.070000	3476
384.931000	3465
384.792000	3512
384.653000	3515
384.514000	3517
384.375000	3510
384.236000	3540
384.097000	3548
383.959000	3502
383.820000	3509
383.681000	3504
383.542000	3528
383.403000	3524
383.264000	3497
383.125000	3491
382.986000	3515
382.847000	3507
382.708000	3489
382.569000	3483
382.430000	3473
382.291000	3483
382.152000	3486
382.013000	3498
381.874000	3484
381.736000	3507
381.597000	3510
381.458000	3510
381.319000	3525
381.180000	3495
381.041000	3468
380.902000	3457
380.763000	3457
380.624000	3515
380.485000	3502
380.346000	3451
380.207000	3479
380.068000	3473
379.929000	3503
379.790000	3527
379.651000	3501
379.513000	3520
379.374000	3502
379.235000	3499
379.096000	3510
378.957000	3505
378.818000	3513
378.679000	3502
378.540000	3489
378.401000	3473
378.262000	3490
378.123000	3451
377.984000	3456
377.845000	3476
377.706000	3478
377.567000	3478
377.429000	3495
377.290000	3523
377.151000	3504
377.012000	3492
376.873000	3531
376.734000	3495
376.595000	3513
376.456000	3519
376.317000	3513
376.178000	3507
376.039000	3504
375.900000	3517
375.761000	3501
375.622000	3486
375.483000	3502
375.344000	3513
375.206000	3511
375.067000	3537
374.928000	3528
374.789000	3534
374.650000	3526
374.511000	3509
374.372000	3491
374.233000	3480
374.094000	3486
373.955000	3486
373.816000	3448
373.677000	3488
373.538000	3510
373.399000	3503
373.260000	3502
373.121000	3495
372.983000	3537
372.844000	3516
372.705000	3502
372.566000	3476
372.427000	3491
372.288000	3489
372.149000	3499
372.010000	3506
371.871000	3481
371.732000	3507
371.593000	3505
371.454000	3485
371.315000	3471
371.176000	3492
371.037000	3519
370.899000	3541
370.760000	3513
370.621000	3486
370.482000	3490
370.343000	3514
370.204000	3485
370.065000	3517
369.926000	3498
369.787000	3512
369.648000	3496
369.509000	3504
369.370000	3506
369.231000	3507
369.092000	3499
368.953000	3492
368.814000	3505
368.676000	3495
368.537000	3495
368.398000	3506
368.259000	3479
368.120000	3494
367.981000	3507
367.842000	3505
367.703000	3506
367.564000	3478
367.425000	3449
367.286000	3493
367.147000	3530
367.008000	3526
366.869000	3499
366.730000	3514
366.591000	3527
366.453000	3508
366.314000	3527
366.175000	3500
366.036000	3459
365.897000	3468
365.758000	3475
365.619000	3468
365.480000	3493
365.342000	3522
365.203000	3542
365.065000	3532
364.926000	3482
364.788000	3441
364.650000	3452
364.511000	3492
364.373000	3497
364.235000	3496
364.096000	3511
363.958000	3509
363.819000	3518
363.681000	3519
363.543000	3494
363.404000	3488
363.266000	3536
363.127000	3504
362.989000	3519
362.851000	3517
362.712000	3485
362.574000	3500
362.435000	3523
362.297000	3508
362.159000	3519
362.020000	3489
361.882000	3567
361.744000	3548
361.605000	3440
361.467000	3441
361.328000	3422
361.190000	3445
361.052000	3513
360.913000	3487
360.775000	3482
360.636000	3490
360.498000	3516
360.360000	3509
360.221000	3494
360.083000	3516
359.945000	3526
359.806000	3481
359.668000	3516
359.529000	3549
359.391000	3537
359.253000	3495
359.114000	3496
358.976000	3491
358.837000	3492
358.699000	3466
358.561000	3470
358.422000	3530
358.284000	3513
358.146000	3474
358.007000	3471
357.869000	3481
357.730000	3471
357.592000	3494
357.454000	3489
357.315000	3484
357.177000	3497
357.038000	3538
356.900000	3530
356.762000	3512
356.623000	3502
356.485000	3447
356.347000	3490
356.208000	3546
356.070000	3512
355.931000	3485
355.793000	3480
355.655000	3467
355.516000	3517
355.378000	3495
355.239000	3475
355.101000	3489
354.963000	3483
354.824000	3504
354.686000	3513
354.547000	3497
354.409000	3480
354.271000	3500
354.132000	3495
353.994000	3518
353.856000	3499
353.717000	3491
353.579000	3466
353.440000	3476
353.302000	3533
353.164000	3539
353.025000	3515
352.887000	3515
352.748000	3510
352.610000	3491
352.472000	3477
352.333000	3476
352.195000	3472
352.057000	3471
351.918000	3544
351.780000	3544
351.641000	3507
351.503000	3507
351.365000	3504
351.226000	3483
351.088000	3467
350.949000	3445
350.811000	3469
350.673000	3478
350.534000	3523
350.396000	3515
350.258000	3468
350.119000	3489
349.981000	3507
349.842000	3495
349.704000	3497
349.566000	3476
349.427000	3476
349.289000	3497
349.150000	3538
349.012000	3534
348.874000	3528
348.735000	3534
348.597000	3516
348.458000	3447
348.320000	3483
348.182000	3492
348.043000	3462
347.905000	3489
347.767000	3507
347.628000	3500
347.490000	3500
347.351000	3506
347.213000	3512
347.075000	3471
346.936000	3507
346.798000	3502
346.659000	3489
346.521000	3456
346.383000	3459
346.244000	3486
346.106000	3518
345.968000	3522
345.829000	3481
345.691000	3454
345.552000	3475
345.414000	3495
345.276000	3512
345.137000	3568
344.999000	3568
344.860000	3555
344.722000	3513
344.584000	3487
344.445000	3436
344.307000	3480
344.169000	3496
344.030000	3506
343.892000	3474
343.753000	3474
343.615000	3502
343.477000	3530
343.338000	3529
343.200000	3528
343.061000	3488
342.923000	3517
342.785000	3465
342.646000	3465
342.508000	3533
342.370000	3521
342.231000	3502
342.093000	3515
341.954000	3529
341.816000	3493
341.678000	3476
341.539000	3496
341.401000	3488
341.262000	3501
341.124000	3490
340.986000	3532
340.847000	3521
340.709000	3511
340.570000	3545
340.432000	3531
340.294000	3483
340.155000	3459
340.017000	3465
339.879000	3467
339.740000	3488
339.602000	3495
339.463000	3536
339.325000	3507
339.187000	3492
339.048000	3471
338.910000	3475
338.771000	3502
338.633000	3520
338.495000	3503
338.356000	3488
338.218000	3502
338.080000	3519
337.941000	3514
337.803000	3531
337.664000	3491
337.526000	3483
337.388000	3474
337.249000	3476
337.111000	3491
336.972000	3491
336.834000	3497
336.696000	3494
336.557000	3468
336.419000	3505
336.281000	3466
336.142000	3458
336.004000	3447
335.865000	3471
335.727000	3472
335.589000	3484
335.450000	3479
335.312000	3486
335.173000	3502
335.035000	3512
334.897000	3460
334.758000	3459
334.620000	3497
334.481000	3483
334.343000	3480
334.205000	3511
334.066000	3523
333.928000	3526
333.790000	3481
333.651000	3481
333.513000	3501
333.374000	3494
333.236000	3467
333.098000	3447
332.959000	3471
332.821000	3498
332.682000	3483
332.544000	3511
332.406000	3511
332.267000	3511
332.129000	3492
331.991000	3481
331.852000	3514
331.714000	3503
331.575000	3500
331.437000	3502
331.299000	3480
331.160000	3484
331.022000	3490
330.883000	3461
330.745000	3455
330.607000	3448
330.468000	3501
330.330000	3540
330.192000	3512
330.053000	3501
329.915000	3489
329.776000	3474
329.638000	3491
329.500000	3506
329.361000	3511
329.223000	3463
329.084000	3489
328.946000	3530
328.808000	3521
328.669000	3482
328.531000	3459
328.392000	3469
328.254000	3499
328.116000	3492
327.977000	3492
327.839000	3484
327.701000	3483
327.562000	3490
327.424000	3535
327.285000	3535
327.147000	3500
327.009000	3485
326.870000	3501
326.732000	3527
326.593000	3513
326.455000	3504
326.317000	3504
326.178000	3523
326.040000	3536
325.902000	3561
325.763000	3544
325.625000	3495
325.486000	3492
325.348000	3488
325.210000	3489
325.071000	3535
324.933000	3551
324.794000	3532
324.656000	3522
324.518000	3507
324.379000	3496
324.241000	3491
324.103000	3437
323.964000	3425
323.826000	3480
323.687000	3491
323.549000	3507
323.411000	3489
323.272000	3477
323.134000	3504
322.995000	3510
322.857000	3506
322.719000	3468
322.580000	3462
322.442000	3467
322.303000	3442
322.165000	3443
322.027000	3481
321.888000	3501
321.750000	3518
321.612000	3495
321.473000	3497
321.335000	3492
321.196000	3502
321.058000	3489
320.920000	3493
320.781000	3513
320.643000	3510
320.504000	3493
320.366000	3493
320.228000	3527
320.089000	3498
319.951000	3471
319.813000	3512
319.674000	3506
319.536000	3472
319.397000	3486
319.259000	3468
319.121000	3477
318.982000	3515
318.844000	3501
318.705000	3488
318.567000	3469
318.429000	3494
318.290000	3503
318.152000	3496
318.014000	3514
317.875000	3520
317.737000	3518
317.598000	3530
317.460000	3543
317.322000	3488
317.183000	3517
317.045000	3511
316.906000	3521
316.768000	3494
316.630000	3489
316.491000	3492
316.353000	3504
316.214000	3500
316.076000	3468
315.938000	3445
315.799000	3448
315.661000	3466
315.523000	3467
315.384000	3472
315.246000	3457
315.107000	3494
314.969000	3513
314.831000	3500
314.692000	3499
314.554000	3494
314.415000	3485
314.277000	3487
314.139000	3504
314.000000	3448
313.862000	3443
313.724000	3517
313.585000	3515
313.447000	3475
313.308000	3473
313.170000	3426
313.036000	3449
312.902000	3509
312.768000	3505
312.634000	3511
312.500000	3530
312.366000	3508
312.232000	3497
312.098000	3526
311.964000	3510
311.829000	3506
311.695000	3516
311.561000	3523
311.427000	3507
311.293000	3512
311.159000	3522
311.025000	3491
310.891000	3477
310.757000	3487
310.623000	3498
310.489000	3506
310.355000	3502
310.221000	3510
310.087000	3506
309.953000	3492
309.819000	3478
309.685000	3497
309.551000	3511
309.416000	3498
309.282000	3468
309.148000	3469
309.014000	3470
308.880000	3496
308.746000	3504
308.612000	3486
308.478000	3499
308.344000	3508
308.210000	3476
308.076000	3470
307.942000	3472
307.808000	3501
307.674000	3469
307.540000	3434
307.406000	3458
307.272000	3456
307.138000	3459
307.004000	3467
306.869000	3485
306.735000	3501
306.601000	3510
306.467000	3533
306.333000	3483
306.199000	3465
306.065000	3476
305.931000	3514
305.797000	3503
305.663000	3495
305.529000	3465
305.395000	3443
305.261000	3498
305.127000	3508
304.993000	3492
304.859000	3465
304.725000	3463
304.591000	3503
304.456000	3512
304.322000	3509
304.188000	3520
304.054000	3477
303.920000	3494
303.786000	3490
303.652000	3502
303.518000	3477
303.384000	3466
303.250000	3496
303.116000	3500
302.982000	3501
302.848000	3500
302.714000	3466
302.580000	3496
302.446000	3527
302.312000	3514
302.178000	3506
302.044000	3527
301.909000	3526
301.775000	3483
301.641000	3487
301.507000	3502
301.373000	3464
301.239000	3516
301.105000	3517
300.971000	3481
300.837000	3499
300.703000	3529
300.569000	3508
300.435000	3511
300.301000	3501
300.167000	3484
300.033000	3429
299.899000	3442
299.765000	3506
299.631000	3524
299.496000	3552
299.362000	3543
299.228000	3482
299.094000	3466
298.960000	3477
298.826000	3504
298.692000	3485
298.558000	3483
298.424000	3527
298.290000	3513
298.156000	3487
298.022000	3475
297.888000	3508
297.754000	3507
297.620000	3518
297.486000	3521
297.352000	3517
297.218000	3494
297.084000	3495
296.949000	3487
296.815000	3491
296.681000	3501
296.547000	3495
296.413000	3470
296.279000	3491
296.145000	3466
296.011000	3444
295.877000	3516
295.743000	3525
295.609000	3533
295.475000	3497
295.341000	3514
295.207000	3519
295.073000	3460
294.939000	3480
294.805000	3502
294.671000	3494
294.536000	3488
294.402000	3484
294.268000	3528
294.134000	3504
294.000000	3495
293.866000	3483
293.732000	3506
293.598000	3493
293.464000	3442
293.330000	3473
293.196000	3512
293.062000	3561
292.928000	3556
292.794000	3505
292.660000	3500
292.526000	3493
292.392000	3479
292.258000	3471
292.124000	3487
291.989000	3489
291.855000	3462
291.721000	3476
291.587000	3487
291.453000	3463
291.319000	3482
291.185000	3506
291.051000	3527
290.917000	3513
290.783000	3526
290.649000	3482
290.515000	3472
290.381000	3497
290.247000	3517
290.113000	3504
289.979000	3501
289.845000	3481
289.711000	3495
289.576000	3458
289.442000	3477
289.308000	3515
289.174000	3471
289.040000	3483
288.906000	3503
288.772000	3508
288.638000	3542
288.504000	3507
288.370000	3462
288.236000	3462
288.102000	3507
287.968000	3512
287.834000	3470
287.700000	3489
287.566000	3541
287.432000	3548
287.298000	3534
287.164000	3512
287.029000	3479
286.895000	3447
286.761000	3487
286.627000	3500
286.493000	3466
286.359000	3484
286.225000	3500
286.091000	3506
285.957000	3516
285.823000	3524
285.689000	3514
285.555000	3486
285.421000	3464
285.287000	3508
285.153000	3537
285.019000	3509
284.885000	3514
284.751000	3471
284.616000	3452
284.482000	3529
284.348000	3478
284.214000	3487
284.080000	3503
283.946000	3520
283.812000	3524
283.678000	3529
283.544000	3515
283.410000	3506
283.276000	3506
283.142000	3478
283.008000	3472
282.874000	3485
282.740000	3458
282.606000	3483
282.472000	3524
282.338000	3487
282.204000	3468
282.069000	3481
281.935000	3462
281.801000	3493
281.667000	3497
281.533000	3509
281.399000	3487
281.265000	3495
281.131000	3490
280.997000	3476
280.863000	3508
280.729000	3528
280.595000	3511
280.461000	3475
280.327000	3491
280.193000	3511
280.059000	3504
279.925000	3470
279.791000	3486
279.656000	3484
279.522000	3493
279.388000	3494
279.254000	3470
279.120000	3447
278.986000	3471
278.852000	3461
278.718000	3466
278.584000	3465
278.450000	3508
278.316000	3511
278.182000	3468
278.048000	3480
277.914000	3495
277.780000	3473
277.646000	3465
277.512000	3498
277.378000	3481
277.244000	3492
277.109000	3516
276.975000	3503
276.841000	3488
276.707000	3497
276.573000	3499
276.439000	3458
276.305000	3501
276.171000	3472
276.037000	3465
275.903000	3509
275.769000	3488
275.635000	3478
275.501000	3471
275.367000	3489
275.233000	3485
275.099000	3460
274.965000	3484
274.831000	3471
274.696000	3480
274.562000	3471
274.428000	3481
274.294000	3484
274.160000	3497
274.026000	3509
273.892000	3488
273.758000	3474
273.624000	3513
273.490000	3523
273.356000	3509
273.222000	3508
273.088000	3519
272.954000	3505
272.820000	3510
272.686000	3533
272.552000	3519
272.418000	3496
272.284000	3465
272.149000	3458
272.015000	3496
271.881000	3533
271.747000	3510
271.613000	3497
271.479000	3498
271.345000	3519
271.211000	3502
271.077000	3478
270.943000	3500
270.809000	3523
270.675000	3531
270.541000	3505
270.407000	3524
270.273000	3515
270.139000	3504
270.005000	3497
269.871000	3472
269.736000	3453
269.602000	3464
269.468000	3483
269.334000	3486
269.200000	3504
269.066000	3520
268.932000	3529
268.798000	3522
268.664000	3500
268.530000	3477
268.396000	3462
268.262000	3504
268.128000	3523
267.994000	3509
267.860000	3511
267.726000	3535
267.592000	3537
267.458000	3496
267.324000	3507
267.189000	3490
267.055000	3444
266.921000	3482
266.787000	3529
266.653000	3531
266.519000	3504
266.385000	3487
266.251000	3521
266.117000	3542
265.983000	3483
265.849000	3498
265.715000	3502
265.581000	3482
265.447000	3508
265.313000	3496
265.179000	3480
265.045000	3520
264.911000	3507
264.776000	3491
264.642000	3463
264.508000	3467
264.374000	3463
264.240000	3467
264.106000	3488
263.972000	3510
263.838000	3484
263.704000	3470
263.570000	3469
263.436000	3474
263.302000	3502
263.168000	3518
263.034000	3475
262.900000	3457
262.766000	3471
262.632000	3486
262.498000	3493
262.364000	3532
262.229000	3534
262.095000	3528
261.961000	3488
261.827000	3498
261.693000	3505
261.559000	3490
261.425000	3521
261.291000	3532
261.157000	3512
261.023000	3521
260.889000	3505
260.755000	3492
260.621000	3525
260.487000	3510
260.353000	3503
260.219000	3488
260.085000	3494
259.951000	3511
259.816000	3502
259.682000	3508
259.548000	3512
259.414000	3496
259.280000	3508
259.146000	3483
259.012000	3491
258.878000	3471
258.744000	3480
258.610000	3492
258.476000	3475
258.342000	3487
258.208000	3471
258.074000	3439
257.940000	3495
257.806000	3509
257.672000	3462
257.538000	3464
257.404000	3493
257.269000	3485
257.135000	3496
257.001000	3512
256.867000	3503
256.733000	3449
256.599000	3464
256.465000	3465
256.331000	3505
256.197000	3503
256.063000	3463
255.929000	3475
255.795000	3515
255.661000	3510
255.527000	3471
255.393000	3444
255.259000	3460
255.125000	3480
254.991000	3468
254.856000	3492
254.722000	3510
254.588000	3500
254.454000	3516
254.320000	3533
254.186000	3485
254.052000	3479
253.918000	3468
253.784000	3526
253.650000	3540
253.518000	3492
253.385000	3503
253.253000	3485
253.120000	3497
252.988000	3478
252.856000	3445
252.723000	3501
252.591000	3506
252.458000	3484
252.326000	3510
252.193000	3518
252.061000	3487
251.929000	3470
251.796000	3492
251.664000	3505
251.531000	3489
251.399000	3484
251.267000	3492
251.134000	3485
251.002000	3495
250.869000	3517
250.737000	3513
250.605000	3478
250.472000	3477
250.340000	3516
250.207000	3494
250.075000	3473
249.943000	3467
249.810000	3476
249.678000	3494
249.545000	3493
249.413000	3513
249.280000	3520
249.148000	3539
249.016000	3549
248.883000	3520
248.751000	3511
248.618000	3470
248.486000	3452
248.354000	3491
248.221000	3489
248.089000	3469
247.956000	3480
247.824000	3504
247.692000	3466
247.559000	3467
247.427000	3444
247.294000	3449
247.162000	3516
247.029000	3523
246.897000	3524
246.765000	3528
246.632000	3537
246.500000	3527
246.367000	3483
246.235000	3504
246.103000	3516
245.970000	3515
245.838000	3524
245.705000	3527
245.573000	3516
245.441000	3486
245.308000	3502
245.176000	3484
245.043000	3469
244.911000	3488
244.779000	3473
244.646000	3489
244.514000	3486
244.381000	3488
244.249000	3503
244.116000	3498
243.984000	3473
243.852000	3489
243.719000	3494
243.587000	3511
243.454000	3493
243.322000	3447
243.190000	3492
243.057000	3516
242.925000	3526
242.792000	3520
242.660000	3491
242.528000	3467
242.395000	3472
242.263000	3463
242.130000	3479
241.998000	3480
241.865000	3448
241.733000	3448
241.601000	3469
241.468000	3509
241.336000	3463
241.203000	3415
241.071000	3425
240.939000	3470
240.806000	3486
240.674000	3488
240.541000	3497
240.409000	3483
240.277000	3491
240.144000	3485
240.012000	3471
239.879000	3493
239.747000	3477
239.614000	3454
239.482000	3433
239.350000	3496
239.217000	3537
239.085000	3494
238.952000	3486
238.820000	3496
238.688000	3509
238.555000	3464
238.423000	3471
238.290000	3507
238.158000	3483
238.026000	3477
237.893000	3488
237.761000	3492
237.628000	3533
237.496000	3524
237.364000	3504
237.231000	3484
237.099000	3458
236.966000	3488
236.834000	3517
236.701000	3458
236.569000	3490
236.437000	3520
236.304000	3509
236.172000	3521
236.039000	3507
235.907000	3470
235.775000	3479
235.642000	3461
235.510000	3462
235.377000	3515
235.245000	3510
235.113000	3498
234.980000	3506
234.848000	3500
234.715000	3470
234.583000	3443
234.450000	3491
234.318000	3508
234.186000	3486
234.053000	3502
233.921000	3508
233.788000	3523
233.656000	3538
233.524000	3513
233.391000	3481
233.259000	3478
233.126000	3470
232.994000	3498
232.862000	3503
232.729000	3485
232.597000	3503
232.464000	3533
232.332000	3537
232.200000	3518
232.067000	3486
231.935000	3499
231.802000	3502
231.670000	3472
231.537000	3495
231.405000	3527
231.273000	3522
231.140000	3526
231.008000	3500
230.875000	3501
230.743000	3488
230.611000	3484
230.478000	3475
230.346000	3463
230.213000	3488
230.081000	3508
229.949000	3473
229.816000	3460
229.684000	3461
229.551000	3495
229.419000	3483
229.286000	3485
229.154000	3507
229.022000	3492
228.889000	3482
228.757000	3488
228.624000	3471
228.492000	3471
228.360000	3501
228.227000	3506
228.095000	3498
227.962000	3456
227.830000	3472
227.698000	3502
227.565000	3466
227.433000	3489
227.300000	3521
227.168000	3527
227.036000	3495
226.903000	3450
226.771000	3455
226.638000	3466
226.506000	3480
226.373000	3466
226.241000	3496
226.109000	3519
225.976000	3492
225.844000	3499
225.711000	3520
225.579000	3469
225.447000	3466
225.314000	3463
225.182000	3467
225.049000	3489
224.917000	3496
224.785000	3500
224.652000	3495
224.520000	3501
224.387000	3503
224.255000	3491
224.122000	3461
223.990000	3480
223.858000	3539
223.725000	3539
223.593000	3507
223.460000	3459
223.328000	3471
223.196000	3480
223.063000	3472
222.931000	3477
222.798000	3509
222.666000	3512
222.534000	3481
222.401000	3461
222.269000	3471
222.136000	3514
222.004000	3515
221.871000	3510
221.739000	3466
221.607000	3475
221.474000	3476
221.342000	3485
221.209000	3508
221.077000	3507
220.945000	3497
220.812000	3504
220.680000	3494
220.547000	3478
220.415000	3484
220.283000	3500
220.150000	3528
220.018000	3492
219.885000	3482
219.753000	3508
219.621000	3520
219.488000	3517
219.356000	3489
219.223000	3468
219.091000	3470
218.958000	3514
218.826000	3506
218.694000	3515
218.561000	3513
218.429000	3516
218.296000	3506
218.164000	3511
218.032000	3536
217.899000	3506
217.767000	3487
217.634000	3490
217.502000	3479
217.370000	3457
217.237000	3500
217.105000	3507
216.972000	3512
216.840000	3504
216.707000	3511
216.575000	3524
216.443000	3492
216.310000	3471
216.178000	3447
216.045000	3473
215.913000	3492
215.781000	3483
215.648000	3490
215.516000	3506
215.383000	3504
215.251000	3443
215.119000	3447
214.986000	3485
214.854000	3504
214.721000	3461
214.589000	3481
214.457000	3509
214.324000	3507
214.192000	3488
214.059000	3497
213.927000	3477
213.794000	3482
213.662000	3474
213.530000	3478
213.397000	3522
213.265000	3558
213.132000	3555
213.000000	3524
212.868000	3504
212.735000	3505
212.603000	3488
212.470000	3525
212.338000	3509
212.206000	3467
212.073000	3429
211.941000	3465
211.808000	3508
211.676000	3516
211.543000	3533
211.411000	3546
211.279000	3506
211.146000	3512
211.014000	3511
210.881000	3501
210.749000	3474
210.617000	3505
210.484000	3465
210.352000	3476
210.219000	3504
210.087000	3476
209.955000	3422
209.822000	3466
209.690000	3491
209.557000	3482
209.425000	3500
209.292000	3520
209.160000	3480
209.028000	3449
208.895000	3465
208.763000	3464
208.630000	3467
208.498000	3453
208.366000	3465
208.233000	3474
208.101000	3495
207.968000	3480
207.836000	3464
207.704000	3512
207.571000	3511
207.439000	3456
207.306000	3478
207.174000	3489
207.042000	3493
206.909000	3524
206.777000	3532
206.644000	3509
206.512000	3520
206.379000	3519
206.247000	3501
206.115000	3442
205.982000	3462
205.850000	3477
205.717000	3478
205.585000	3502
205.453000	3484
205.320000	3469
205.188000	3500
205.055000	3490
204.923000	3501
204.791000	3511
204.658000	3511
204.526000	3498
204.393000	3484
204.261000	3487
204.128000	3476
203.996000	3494
203.864000	3497
203.731000	3490
203.599000	3501
203.466000	3498
203.334000	3491
203.202000	3490
203.069000	3508
202.937000	3492
202.804000	3493
202.672000	3517
202.540000	3491
202.407000	3511
202.275000	3495
202.142000	3488
202.010000	3495
201.878000	3501
201.745000	3529
201.613000	3522
201.480000	3535
201.348000	3520
201.215000	3512
201.083000	3484
200.951000	3456
200.818000	3471
200.686000	3485
200.553000	3474
200.421000	3504
200.289000	3543
200.156000	3532
200.024000	3492
199.891000	3484
199.759000	3487
199.627000	3478
199.494000	3490
199.362000	3472
199.229000	3484
199.097000	3510
198.964000	3505
198.832000	3526
198.700000	3511
198.567000	3496
198.435000	3501
198.302000	3466
198.170000	3444
198.038000	3492
197.905000	3496
