wavelength_nm	intensity
721.892000	3512
721.735000	3541
721.577000	3540
721.420000	3517
721.262000	3524
721.105000	3492
720.948000	3472
720.790000	3484
720.633000	3525
720.475000	3547
720.318000	3543
720.160000	3497
720.003000	3494
719.845000	3501
719.688000	3511
719.530000	3540
719.373000	3536
719.215000	3515
719.058000	3512
718.900000	3511
718.743000	3503
718.586000	3547
718.428000	3547
718.271000	3500
718.113000	3519
717.956000	3537
717.798000	3535
717.641000	3544
717.483000	3552
717.326000	3507
717.168000	3497
717.011000	3494
716.853000	3489
716.696000	3517
716.538000	3505
716.381000	3507
716.223000	3514
716.066000	3510
715.909000	3484
715.751000	3516
715.594000	3527
715.436000	3510
715.279000	3504
715.121000	3442
714.964000	3472
714.806000	3494
714.649000	3507
714.491000	3515
714.334000	3472
714.176000	3504
714.019000	3515
713.861000	3518
713.704000	3518
713.547000	3504
713.389000	3499
713.232000	3478
713.074000	3523
712.917000	3564
712.759000	3510
712.602000	3495
712.444000	3537
712.287000	3523
712.129000	3490
711.972000	3510
711.814000	3524
711.657000	3552
711.499000	3541
711.342000	3526
711.185000	3521
711.027000	3505
710.870000	3526
710.712000	3550
710.555000	3495
710.397000	3467
710.240000	3501
710.082000	3518
709.925000	3530
709.767000	3509
709.610000	3554
709.452000	3530
709.295000	3496
709.137000	3516
708.980000	3504
708.822000	3521
708.665000	3512
708.508000	3552
708.350000	3523
708.193000	3497
708.035000	3503
707.878000	3502
707.720000	3547
707.563000	3546
707.405000	3508
707.248000	3506
707.090000	3520
706.933000	3527
706.775000	3503
706.618000	3521
706.460000	3500
706.303000	3489
706.146000	3488
705.988000	3534
705.831000	3541
705.673000	3511
705.516000	3489
705.358000	3511
705.201000	3524
705.043000	3510
704.886000	3504
704.728000	3516
704.571000	3509
704.413000	3491
704.256000	3475
704.098000	3487
703.941000	3539
703.784000	3560
703.626000	3524
703.469000	3504
703.311000	3562
703.154000	3577
702.996000	3571
702.839000	3563
702.681000	3544
702.524000	3507
702.366000	3512
702.209000	3527
702.051000	3500
701.894000	3502
701.736000	3511
701.579000	3540
701.422000	3566
701.264000	3513
701.107000	3510
700.949000	3532
700.792000	3536
700.634000	3543
700.477000	3564
700.319000	3516
700.162000	3511
700.004000	3534
699.847000	3542
699.689000	3527
699.532000	3520
699.374000	3516
699.217000	3532
699.059000	3552
698.902000	3530
698.745000	3513
698.587000	3531
698.430000	3538
698.272000	3498
698.115000	3526
697.957000	3546
697.800000	3534
697.642000	3496
697.485000	3476
697.327000	3523
697.170000	3551
697.012000	3534
696.855000	3553
696.697000	3504
696.540000	3496
696.388000	3508
696.235000	3534
696.083000	3525
695.931000	3528
695.778000	3531
695.626000	3535
695.474000	3540
695.321000	3525
695.169000	3499
695.017000	3491
694.864000	3507
694.712000	3532
694.560000	3547
694.407000	3546
694.255000	3556
694.103000	3564
693.950000	3587
693.798000	3538
693.646000	3509
693.493000	3513
693.341000	3543
693.189000	3533
693.036000	3515
692.884000	3511
692.732000	3544
692.579000	3549
692.427000	3553
692.275000	3558
692.122000	3491
691.970000	3541
691.818000	3554
691.665000	3559
691.513000	3573
691.361000	3567
691.208000	3546
691.056000	3544
690.904000	3542
690.751000	3499
690.599000	3479
690.447000	3471
690.294000	3517
690.142000	3530
689.990000	3561
689.837000	3594
689.685000	3590
689.533000	3523
689.380000	3500
689.228000	3491
689.076000	3498
688.923000	3504
688.771000	3555
688.619000	3545
688.466000	3532
688.314000	3548
688.162000	3574
688.009000	3554
687.857000	3563
687.705000	3532
687.552000	3518
687.400000	3519
687.248000	3553
687.095000	3560
686.943000	3528
686.791000	3512
686.638000	3517
686.486000	3538
686.334000	3537
686.181000	3491
686.029000	3514
685.877000	3529
685.724000	3553
685.572000	3572
685.420000	3552
685.267000	3546
685.115000	3548
684.963000	3575
684.811000	3570
684.658000	3535
684.506000	3525
684.354000	3532
684.201000	3548
684.049000	3532
683.897000	3538
683.744000	3590
683.592000	3562
683.440000	3523
683.287000	3513
683.135000	3552
682.983000	3560
682.830000	3531
682.678000	3534
682.526000	3542
682.373000	3537
682.221000	3527
682.069000	3538
681.916000	3561
681.764000	3519
681.612000	3505
681.459000	3514
681.307000	3520
681.155000	3537
681.002000	3535
680.850000	3521
680.698000	3513
680.545000	3533
680.393000	3575
680.241000	3539
680.088000	3538
679.936000	3579
679.784000	3548
679.631000	3520
679.479000	3542
679.327000	3545
679.174000	3564
679.022000	3541
678.870000	3515
678.717000	3497
678.565000	3500
678.413000	3536
678.260000	3562
678.108000	3518
677.956000	3539
677.803000	3577
677.651000	3600
677.499000	3606
677.346000	3552
677.194000	3538
677.042000	3534
676.889000	3539
676.737000	3538
676.585000	3537
676.432000	3569
676.280000	3574
676.128000	3568
675.975000	3580
675.823000	3539
675.671000	3529
675.518000	3567
675.366000	3567
675.214000	3549
675.061000	3565
674.909000	3557
674.757000	3590
674.604000	3619
674.452000	3597
674.300000	3567
674.147000	3571
673.995000	3587
673.843000	3565
673.690000	3538
673.538000	3532
673.386000	3579
673.233000	3589
673.081000	3580
672.929000	3578
672.776000	3569
672.624000	3582
672.472000	3575
672.319000	3611
672.167000	3634
672.015000	3619
671.862000	3555
671.710000	3563
671.558000	3598
671.405000	3575
671.253000	3590
671.101000	3571
670.948000	3538
670.796000	3553
670.644000	3606
670.491000	3593
670.339000	3598
670.187000	3615
670.034000	3615
669.882000	3624
669.730000	3566
669.577000	3596
669.425000	3590
669.273000	3602
669.120000	3642
668.968000	3635
668.816000	3622
668.663000	3591
668.511000	3572
668.359000	3588
668.206000	3603
668.054000	3621
667.902000	3632
667.749000	3603
667.597000	3624
667.445000	3608
667.292000	3565
667.140000	3611
666.988000	3596
666.835000	3569
666.683000	3572
666.531000	3597
666.378000	3594
666.226000	3589
666.074000	3619
665.921000	3603
665.769000	3602
665.617000	3580
665.464000	3567
665.312000	3573
665.160000	3557
665.007000	3581
664.855000	3590
664.703000	3591
664.550000	3592
664.398000	3571
664.246000	3594
664.093000	3633
663.941000	3633
663.789000	3566
663.636000	3554
663.484000	3561
663.332000	3557
663.179000	3611
663.027000	3635
662.875000	3571
662.722000	3542
662.570000	3559
662.418000	3563
662.265000	3548
662.113000	3555
661.961000	3575
661.808000	3567
661.656000	3570
661.504000	3600
661.351000	3606
661.199000	3584
661.047000	3575
660.894000	3562
660.742000	3525
660.590000	3508
660.438000	3538
660.285000	3567
660.133000	3580
659.981000	3591
659.828000	3613
659.676000	3625
659.524000	3621
659.371000	3601
659.219000	3625
659.067000	3614
658.914000	3580
658.762000	3587
658.610000	3608
658.457000	3578
658.305000	3583
658.153000	3630
658.000000	3592
657.848000	3549
657.696000	3568
657.543000	3587
657.391000	3562
657.239000	3571
657.086000	3594
656.934000	3608
656.782000	3574
656.629000	3555
656.477000	3600
656.325000	3584
656.172000	3595
656.020000	3590
655.868000	3567
655.715000	3595
655.563000	3595
655.411000	3581
655.258000	3573
655.106000	3583
654.954000	3594
654.801000	3567
654.649000	3623
654.497000	3640
654.344000	3633
654.192000	3600
654.040000	3619
653.887000	3610
653.735000	3619
653.583000	3601
653.430000	3589
653.278000	3588
653.126000	3565
652.973000	3575
652.821000	3604
652.669000	3606
652.516000	3603
652.364000	3627
652.212000	3616
652.059000	3607
651.907000	3609
651.755000	3642
651.602000	3633
651.450000	3587
651.298000	3610
651.145000	3635
650.993000	3624
650.841000	3625
650.688000	3607
650.536000	3587
650.384000	3551
650.231000	3544
650.079000	3563
649.927000	3615
649.774000	3613
649.622000	3626
649.470000	3633
649.317000	3626
649.165000	3627
649.013000	3609
648.860000	3543
648.708000	3581
648.556000	3605
648.403000	3602
648.251000	3630
648.099000	3638
647.946000	3636
647.794000	3655
647.642000	3613
647.489000	3585
647.337000	3591
647.185000	3605
647.032000	3597
646.880000	3598
646.728000	3596
646.575000	3598
646.423000	3616
646.271000	3640
646.118000	3648
645.966000	3665
645.814000	3649
645.661000	3623
645.509000	3640
645.357000	3614
645.204000	3626
645.052000	3627
644.900000	3638
644.747000	3639
644.595000	3642
644.443000	3593
644.290000	3604
644.138000	3601
643.986000	3615
643.833000	3638
643.681000	3640
643.529000	3614
643.376000	3612
643.224000	3620
643.072000	3650
642.919000	3622
642.767000	3631
642.615000	3672
642.462000	3662
642.310000	3647
642.158000	3656
642.005000	3649
641.853000	3626
641.701000	3607
641.548000	3621
641.396000	3584
641.244000	3638
641.091000	3639
640.939000	3609
640.787000	3654
640.634000	3653
640.482000	3663
640.330000	3652
640.177000	3641
640.025000	3632
639.873000	3610
639.720000	3646
639.568000	3625
639.416000	3628
639.263000	3624
639.111000	3653
638.959000	3671
638.806000	3644
638.654000	3633
638.502000	3612
638.349000	3637
638.197000	3667
638.045000	3656
637.892000	3627
637.740000	3608
637.588000	3620
637.435000	3660
637.283000	3683
637.131000	3687
636.979000	3642
636.826000	3604
636.674000	3621
636.521000	3665
636.369000	3672
636.217000	3623
636.065000	3652
635.912000	3675
635.760000	3660
635.608000	3676
635.455000	3633
635.303000	3631
635.151000	3640
634.998000	3626
634.846000	3625
634.694000	3654
634.541000	3662
634.389000	3666
634.237000	3679
634.084000	3705
633.932000	3664
633.780000	3621
633.627000	3620
633.475000	3635
633.323000	3680
633.170000	3677
633.018000	3663
632.866000	3655
632.713000	3690
632.561000	3683
632.409000	3638
632.256000	3621
632.104000	3629
631.952000	3691
631.799000	3653
631.647000	3660
631.495000	3692
631.342000	3634
631.190000	3649
631.038000	3658
630.885000	3648
630.733000	3668
630.581000	3665
630.428000	3647
630.276000	3684
630.124000	3676
629.971000	3637
629.819000	3645
629.667000	3682
629.514000	3655
629.362000	3638
629.210000	3607
629.057000	3666
628.905000	3678
628.753000	3672
628.600000	3655
628.448000	3677
628.296000	3707
628.143000	3690
627.991000	3656
627.839000	3678
627.686000	3659
627.534000	3662
627.382000	3682
627.229000	3686
627.077000	3692
626.925000	3700
626.772000	3712
626.620000	3685
626.468000	3638
626.315000	3678
626.163000	3673
626.011000	3637
625.858000	3656
625.706000	3667
625.554000	3657
625.401000	3692
625.249000	3712
625.097000	3716
624.944000	3682
624.792000	3694
624.640000	3712
624.487000	3702
624.335000	3719
624.183000	3698
624.030000	3682
623.878000	3693
623.726000	3694
623.573000	3664
623.421000	3663
623.269000	3653
623.116000	3659
622.964000	3678
622.812000	3719
622.659000	3699
622.507000	3676
622.355000	3689
622.202000	3693
622.050000	3629
621.898000	3676
621.745000	3697
621.593000	3695
621.441000	3751
621.288000	3760
621.136000	3707
620.984000	3719
620.831000	3675
620.679000	3634
620.527000	3678
620.374000	3688
620.222000	3701
620.070000	3720
619.917000	3684
619.765000	3689
619.613000	3710
619.460000	3738
619.308000	3702
619.156000	3646
619.003000	3649
618.851000	3664
618.699000	3678
618.546000	3683
618.394000	3701
618.242000	3731
618.089000	3708
617.937000	3706
617.785000	3709
617.632000	3691
617.480000	3680
617.328000	3690
617.175000	3670
617.023000	3661
616.871000	3687
616.718000	3683
616.566000	3735
616.414000	3718
616.261000	3650
616.109000	3652
615.957000	3655
615.804000	3661
615.652000	3687
615.500000	3732
615.347000	3721
615.195000	3722
615.043000	3698
614.890000	3702
614.738000	3677
614.586000	3657
614.433000	3668
614.281000	3688
614.129000	3721
613.976000	3727
613.824000	3710
613.672000	3700
613.519000	3707
613.367000	3694
613.215000	3731
613.063000	3726
612.910000	3708
612.758000	3690
612.606000	3700
612.453000	3722
612.301000	3704
612.149000	3709
611.996000	3695
611.844000	3752
611.692000	3727
611.539000	3702
611.387000	3744
611.235000	3754
611.082000	3712
610.930000	3723
610.778000	3738
610.625000	3736
610.473000	3726
610.321000	3688
610.168000	3716
610.016000	3731
609.864000	3739
609.711000	3713
609.559000	3692
609.407000	3710
609.254000	3730
609.102000	3754
608.950000	3738
608.797000	3687
608.645000	3692
608.493000	3697
608.340000	3708
608.188000	3736
608.036000	3744
607.883000	3734
607.731000	3731
607.579000	3741
607.426000	3745
607.274000	3731
607.122000	3706
606.969000	3694
606.817000	3695
606.665000	3687
606.512000	3677
606.360000	3703
606.208000	3712
606.055000	3687
605.903000	3703
605.751000	3720
605.598000	3699
605.446000	3737
605.294000	3761
605.141000	3732
604.989000	3737
604.837000	3705
604.684000	3707
604.532000	3705
604.380000	3707
604.227000	3697
604.075000	3657
603.923000	3700
603.770000	3682
603.618000	3703
603.466000	3758
603.313000	3722
603.161000	3705
603.009000	3703
602.856000	3706
602.704000	3681
602.552000	3676
602.399000	3737
602.247000	3763
602.095000	3713
601.942000	3702
601.790000	3714
601.638000	3766
601.485000	3792
601.333000	3793
601.181000	3758
601.028000	3709
600.876000	3709
600.724000	3740
600.571000	3739
600.419000	3717
600.267000	3739
600.114000	3731
599.962000	3700
599.810000	3698
599.657000	3710
599.505000	3735
599.353000	3724
599.200000	3729
599.048000	3752
598.896000	3722
598.743000	3761
598.591000	3777
598.439000	3743
598.286000	3734
598.134000	3712
597.982000	3705
597.829000	3697
597.677000	3731
597.525000	3771
597.372000	3755
597.220000	3730
597.068000	3768
596.915000	3753
596.763000	3712
596.611000	3690
596.458000	3696
596.306000	3694
596.154000	3688
596.001000	3723
595.849000	3755
595.697000	3717
595.544000	3736
595.392000	3760
595.240000	3756
595.087000	3751
594.935000	3715
594.783000	3737
594.630000	3753
594.478000	3751
594.326000	3770
594.173000	3761
594.021000	3744
593.869000	3779
593.716000	3730
593.564000	3697
593.412000	3725
593.259000	3748
593.107000	3735
592.955000	3740
592.802000	3738
592.650000	3748
592.498000	3737
592.345000	3780
592.193000	3742
592.041000	3718
591.888000	3724
591.736000	3721
591.584000	3762
591.431000	3783
591.279000	3780
591.127000	3728
590.974000	3723
590.822000	3718
590.670000	3705
590.517000	3726
590.365000	3706
590.213000	3714
590.060000	3753
589.908000	3737
589.756000	3739
589.603000	3719
589.451000	3720
589.299000	3738
589.146000	3720
588.994000	3736
588.842000	3696
588.689000	3704
588.537000	3740
588.385000	3756
588.233000	3761
588.080000	3713
587.928000	3711
587.776000	3747
587.623000	3761
587.471000	3747
587.319000	3710
587.166000	3757
587.014000	3790
586.862000	3775
586.709000	3743
586.557000	3732
586.405000	3754
586.252000	3756
586.100000	3760
585.948000	3729
585.795000	3723
585.643000	3751
585.491000	3731
585.338000	3718
585.186000	3731
585.034000	3718
584.881000	3705
584.729000	3726
584.577000	3729
584.424000	3751
584.272000	3728
584.120000	3703
583.967000	3757
583.815000	3770
583.663000	3750
583.510000	3727
583.358000	3717
583.206000	3705
583.053000	3711
582.901000	3707
582.749000	3744
582.596000	3738
582.444000	3752
582.292000	3739
582.139000	3732
581.987000	3727
581.835000	3771
581.682000	3729
581.530000	3746
581.378000	3763
581.225000	3745
581.073000	3724
580.921000	3696
580.768000	3726
580.616000	3732
580.464000	3720
580.311000	3709
580.159000	3713
580.007000	3773
579.854000	3730
579.702000	3740
579.550000	3782
579.397000	3761
579.245000	3742
579.093000	3746
578.940000	3773
578.788000	3716
578.636000	3678
578.483000	3707
578.331000	3737
578.179000	3719
578.026000	3723
577.874000	3718
577.722000	3706
577.569000	3692
577.417000	3726
577.265000	3673
577.112000	3657
576.960000	3722
576.810000	3696
576.660000	3723
576.510000	3754
576.360000	3745
576.210000	3766
576.060000	3775
575.910000	3724
575.760000	3705
575.610000	3681
575.460000	3709
575.311000	3743
575.161000	3741
575.011000	3734
574.861000	3723
574.711000	3712
574.561000	3713
574.411000	3740
574.261000	3702
574.111000	3690
573.961000	3710
573.811000	3747
573.661000	3731
573.511000	3715
573.361000	3722
573.211000	3725
573.061000	3746
572.911000	3716
572.761000	3710
572.611000	3710
572.461000	3696
572.312000	3715
572.162000	3741
572.012000	3756
571.862000	3738
571.712000	3742
571.562000	3730
571.412000	3698
571.262000	3719
571.112000	3714
570.962000	3733
570.812000	3720
570.662000	3718
570.512000	3713
570.362000	3726
570.212000	3716
570.062000	3717
569.912000	3706
569.762000	3717
569.612000	3706
569.462000	3711
569.312000	3718
569.163000	3720
569.013000	3725
568.863000	3711
568.713000	3696
568.563000	3698
568.413000	3668
568.263000	3660
568.113000	3697
567.963000	3703
567.813000	3738
567.663000	3723
567.513000	3711
567.363000	3748
567.213000	3729
567.063000	3685
566.913000	3692
566.763000	3721
566.613000	3695
566.463000	3710
566.313000	3689
566.164000	3721
566.014000	3744
565.864000	3715
565.714000	3706
565.564000	3693
565.414000	3703
565.264000	3722
565.114000	3713
564.964000	3683
564.814000	3681
564.664000	3701
564.514000	3716
564.364000	3715
564.214000	3714
564.064000	3719
563.914000	3669
563.764000	3694
563.614000	3744
563.464000	3739
563.314000	3723
563.164000	3705
563.015000	3704
562.865000	3727
562.715000	3736
562.565000	3707
562.415000	3722
562.265000	3711
562.115000	3716
561.965000	3706
561.815000	3756
561.665000	3777
561.515000	3732
561.365000	3706
561.215000	3712
561.065000	3706
560.915000	3708
560.765000	3716
560.615000	3679
560.465000	3672
560.315000	3715
560.165000	3715
560.015000	3713
559.866000	3720
559.716000	3718
559.566000	3683
559.416000	3698
559.266000	3695
559.116000	3682
558.966000	3691
558.816000	3720
558.666000	3719
558.516000	3691
558.366000	3725
558.216000	3752
558.066000	3705
557.916000	3708
557.766000	3752
557.616000	3718
557.466000	3705
557.316000	3700
557.166000	3703
557.016000	3704
556.866000	3706
556.717000	3713
556.567000	3690
556.417000	3697
556.267000	3777
556.117000	3773
555.967000	3721
555.817000	3702
555.667000	3740
555.517000	3726
555.367000	3717
555.217000	3689
555.067000	3679
554.917000	3672
554.767000	3696
554.617000	3699
554.467000	3714
554.317000	3726
554.167000	3735
554.017000	3711
553.867000	3722
553.718000	3678
553.568000	3700
553.418000	3718
553.268000	3690
553.118000	3679
552.968000	3721
552.818000	3732
552.668000	3764
552.518000	3748
552.368000	3735
552.218000	3683
552.068000	3655
551.918000	3687
551.768000	3700
551.618000	3710
551.468000	3713
551.318000	3722
551.168000	3727
551.018000	3720
550.868000	3714
550.718000	3702
550.569000	3693
550.419000	3710
550.269000	3731
550.119000	3726
549.969000	3742
549.819000	3724
549.669000	3713
549.519000	3717
549.369000	3689
549.219000	3674
549.069000	3675
548.919000	3698
548.769000	3743
548.619000	3766
548.469000	3767
548.319000	3776
548.169000	3738
548.019000	3703
547.869000	3676
547.719000	3712
547.570000	3688
547.420000	3701
547.270000	3680
547.120000	3689
546.970000	3710
546.820000	3694
546.670000	3708
546.520000	3722
546.370000	3697
546.220000	3672
546.070000	3686
545.923000	3728
545.777000	3696
545.630000	3714
545.484000	3759
545.337000	3736
545.191000	3695
545.044000	3707
544.897000	3703
544.751000	3715
544.604000	3700
544.458000	3700
544.311000	3699
544.164000	3657
544.018000	3664
543.871000	3694
543.725000	3705
543.578000	3706
543.432000	3690
543.285000	3713
543.138000	3686
542.992000	3712
542.845000	3706
542.699000	3684
542.552000	3708
542.405000	3694
542.259000	3691
542.112000	3714
541.966000	3718
541.819000	3688
541.673000	3694
541.526000	3681
541.379000	3715
541.233000	3727
541.086000	3724
540.940000	3728
540.793000	3735
540.646000	3684
540.500000	3662
540.353000	3724
540.207000	3741
540.060000	3665
539.914000	3710
539.767000	3732
539.620000	3716
539.474000	3700
539.327000	3732
539.181000	3698
539.034000	3698
538.887000	3687
538.741000	3671
538.594000	3668
538.448000	3663
538.301000	3692
538.155000	3695
538.008000	3688
537.861000	3678
537.715000	3620
537.568000	3657
537.422000	3684
537.275000	3676
537.128000	3689
536.982000	3719
536.835000	3699
536.689000	3699
536.542000	3703
536.396000	3682
536.249000	3693
536.102000	3707
535.956000	3668
535.809000	3681
535.663000	3677
535.516000	3684
535.369000	3684
535.223000	3676
535.076000	3658
534.930000	3662
534.783000	3684
534.637000	3677
534.490000	3662
534.343000	3700
534.197000	3692
534.050000	3687
533.904000	3686
533.757000	3702
533.610000	3685
533.464000	3638
533.317000	3697
533.171000	3675
533.024000	3664
532.878000	3720
532.731000	3708
532.584000	3683
532.438000	3704
532.291000	3712
532.145000	3715
531.998000	3672
531.851000	3717
531.705000	3714
531.558000	3668
531.412000	3649
531.265000	3654
531.119000	3694
530.972000	3701
530.825000	3709
530.679000	3693
530.532000	3630
530.386000	3650
530.239000	3652
530.093000	3697
529.946000	3693
529.799000	3681
529.653000	3706
529.506000	3718
529.360000	3713
529.213000	3695
529.066000	3669
528.920000	3666
528.773000	3670
528.627000	3654
528.480000	3673
528.334000	3716
528.187000	3696
528.040000	3683
527.894000	3697
527.747000	3683
527.601000	3695
527.454000	3694
527.307000	3698
527.161000	3721
527.014000	3707
526.868000	3661
526.721000	3670
526.575000	3686
526.428000	3670
526.281000	3680
526.135000	3682
525.988000	3652
525.842000	3658
525.695000	3712
525.548000	3720
525.402000	3696
525.255000	3658
525.109000	3682
524.962000	3715
524.816000	3679
524.669000	3720
524.522000	3720
524.376000	3669
524.229000	3644
524.083000	3654
523.936000	3680
523.789000	3681
523.643000	3680
523.496000	3701
523.350000	3651
523.203000	3648
523.057000	3635
522.910000	3671
522.763000	3733
522.617000	3698
522.470000	3710
522.324000	3698
522.177000	3686
522.030000	3670
521.884000	3630
521.737000	3670
521.591000	3701
521.444000	3691
521.298000	3675
521.151000	3656
521.004000	3686
520.858000	3766
520.711000	3685
520.565000	3651
520.418000	3674
520.271000	3655
520.125000	3662
519.978000	3679
519.832000	3674
519.685000	3658
519.539000	3722
519.392000	3703
519.245000	3666
519.099000	3652
518.952000	3679
518.806000	3665
518.659000	3688
518.513000	3689
518.366000	3687
518.219000	3670
518.073000	3695
517.926000	3682
517.780000	3659
517.633000	3662
517.486000	3673
517.340000	3655
517.193000	3668
517.047000	3648
516.900000	3656
516.754000	3682
516.607000	3712
516.460000	3692
516.314000	3676
516.167000	3660
516.021000	3648
515.874000	3641
515.727000	3654
515.581000	3658
515.434000	3680
515.288000	3663
515.141000	3652
514.995000	3670
514.848000	3618
514.701000	3590
514.555000	3671
514.408000	3680
514.262000	3637
514.115000	3664
513.968000	3690
513.822000	3677
513.675000	3695
513.529000	3689
513.382000	3647
513.236000	3640
513.089000	3663
512.942000	3671
512.796000	3667
512.649000	3676
512.503000	3708
512.356000	3704
512.209000	3619
512.063000	3625
511.916000	3609
511.770000	3625
511.623000	3657
511.477000	3645
511.330000	3643
511.183000	3676
511.037000	3654
510.890000	3636
510.744000	3645
510.597000	3656
510.450000	3625
510.304000	3612
510.157000	3628
510.011000	3651
509.864000	3671
509.718000	3663
509.571000	3648
509.424000	3627
509.278000	3630
509.131000	3655
508.985000	3638
508.838000	3674
508.691000	3664
508.545000	3630
508.398000	3638
508.252000	3645
508.105000	3637
507.959000	3634
507.812000	3642
507.665000	3663
507.519000	3624
507.372000	3639
507.226000	3668
507.079000	3649
506.932000	3622
506.786000	3599
506.639000	3608
506.493000	3658
506.346000	3650
506.200000	3615
506.053000	3597
505.906000	3612
505.760000	3593
505.613000	3594
505.467000	3622
505.320000	3646
505.173000	3632
505.027000	3622
504.880000	3630
504.734000	3597
504.587000	3595
504.441000	3600
504.294000	3608
504.147000	3631
504.001000	3621
503.854000	3600
503.708000	3621
503.561000	3644
503.415000	3682
503.268000	3621
503.121000	3586
502.975000	3633
502.828000	3625
502.682000	3599
502.535000	3615
502.388000	3606
502.242000	3640
502.095000	3625
501.949000	3603
501.802000	3590
501.656000	3576
501.509000	3609
501.362000	3615
501.216000	3611
501.069000	3628
500.923000	3608
500.776000	3632
500.629000	3617
500.483000	3590
500.336000	3618
500.190000	3639
500.043000	3627
499.897000	3624
499.750000	3607
499.603000	3642
499.457000	3632
499.310000	3606
499.164000	3595
499.017000	3600
498.870000	3582
498.724000	3560
498.577000	3551
498.431000	3540
498.284000	3609
498.138000	3627
497.991000	3593
497.844000	3598
497.698000	3593
497.551000	3575
497.405000	3599
497.258000	3631
497.111000	3587
496.965000	3582
496.818000	3632
496.672000	3630
496.525000	3605
496.379000	3619
496.232000	3616
496.085000	3573
495.939000	3580
495.792000	3598
495.646000	3608
495.499000	3606
495.352000	3605
495.206000	3634
495.059000	3616
494.913000	3599
494.766000	3619
494.620000	3560
494.473000	3586
494.326000	3615
494.180000	3599
494.033000	3597
493.887000	3599
493.740000	3592
493.593000	3582
493.447000	3593
493.300000	3594
493.154000	3573
493.007000	3588
492.861000	3578
492.714000	3576
492.567000	3592
492.421000	3625
492.274000	3591
492.128000	3585
491.981000	3607
491.834000	3598
491.688000	3553
491.541000	3576
491.395000	3603
491.248000	3534
491.102000	3553
490.955000	3605
490.808000	3568
490.662000	3569
490.515000	3610
490.369000	3571
490.222000	3561
490.076000	3574
489.929000	3595
489.782000	3578
489.636000	3589
489.489000	3623
489.343000	3619
489.196000	3623
489.049000	3604
488.903000	3573
488.756000	3552
488.610000	3548
488.463000	3550
488.317000	3536
488.170000	3594
488.023000	3613
487.877000	3597
487.730000	3597
487.584000	3586
487.437000	3561
487.290000	3563
487.144000	3557
486.997000	3579
486.851000	3560
486.704000	3572
486.558000	3584
486.411000	3552
486.264000	3547
486.118000	3541
485.971000	3543
485.825000	3570
485.678000	3595
485.531000	3584
485.385000	3567
485.238000	3558
485.092000	3566
484.945000	3575
484.799000	3559
484.652000	3584
484.505000	3563
484.359000	3567
484.212000	3561
484.066000	3552
483.919000	3569
483.772000	3538
483.626000	3550
483.479000	3582
483.333000	3579
483.186000	3565
483.040000	3558
482.893000	3564
482.746000	3580
482.600000	3602
482.453000	3574
482.307000	3584
482.160000	3573
482.013000	3553
481.867000	3547
481.720000	3531
481.574000	3540
481.427000	3549
481.281000	3544
481.134000	3539
480.987000	3555
480.841000	3532
480.694000	3570
480.548000	3574
480.401000	3571
480.254000	3503
480.108000	3547
479.961000	3589
479.815000	3573
479.668000	3577
479.522000	3592
479.375000	3631
479.228000	3649
479.082000	3572
478.935000	3528
478.789000	3543
478.642000	3575
478.495000	3558
478.349000	3573
478.202000	3607
478.056000	3585
477.909000	3560
477.763000	3588
477.616000	3611
477.469000	3593
477.323000	3593
477.176000	3608
477.030000	3566
476.883000	3584
476.736000	3618
476.590000	3626
476.443000	3610
476.297000	3596
476.150000	3600
476.004000	3598
475.857000	3574
475.710000	3534
475.564000	3540
475.417000	3558
475.271000	3560
475.124000	3555
474.978000	3620
474.831000	3616
474.684000	3618
474.538000	3571
474.391000	3583
474.245000	3604
474.098000	3644
473.951000	3640
473.805000	3606
473.658000	3590
473.512000	3611
473.365000	3631
473.219000	3615
473.072000	3582
472.925000	3565
472.779000	3588
472.632000	3616
472.486000	3599
472.339000	3594
472.192000	3646
472.046000	3647
471.899000	3625
471.753000	3634
471.606000	3550
471.460000	3559
471.313000	3606
471.166000	3621
471.020000	3594
470.873000	3588
470.727000	3622
470.580000	3639
470.433000	3626
470.287000	3605
470.140000	3561
469.994000	3556
469.847000	3591
469.701000	3620
469.554000	3635
469.407000	3633
469.261000	3637
469.114000	3589
468.968000	3602
468.821000	3617
468.674000	3600
468.528000	3614
468.381000	3618
468.235000	3603
468.088000	3660
467.942000	3679
467.795000	3654
467.648000	3656
467.502000	3659
467.355000	3648
467.209000	3632
467.062000	3607
466.915000	3647
466.769000	3661
466.622000	3653
466.476000	3643
466.329000	3640
466.183000	3664
466.036000	3686
465.889000	3625
465.743000	3658
465.596000	3692
465.450000	3680
465.303000	3662
465.156000	3667
465.010000	3671
464.863000	3680
464.717000	3675
464.570000	3646
464.424000	3643
464.277000	3668
464.130000	3654
463.984000	3659
463.837000	3690
463.691000	3681
463.544000	3686
463.397000	3671
463.251000	3682
463.104000	3669
462.958000	3637
462.811000	3663
462.665000	3661
462.518000	3644
462.371000	3679
462.225000	3710
462.078000	3680
461.932000	3696
461.785000	3728
461.639000	3683
461.492000	3704
461.345000	3675
461.199000	3694
461.052000	3695
460.906000	3670
460.759000	3714
460.612000	3724
460.466000	3724
460.319000	3746
460.173000	3697
460.026000	3699
459.880000	3742
459.733000	3721
459.586000	3744
459.440000	3774
459.293000	3756
459.147000	3728
459.000000	3724
458.853000	3747
458.707000	3721
458.560000	3768
458.414000	3795
458.267000	3826
458.121000	3816
457.974000	3796
457.827000	3807
457.681000	3811
457.534000	3801
457.388000	3789
457.241000	3767
457.094000	3772
456.948000	3798
456.801000	3818
456.655000	3840
456.508000	3863
456.362000	3848
456.215000	3842
456.068000	3820
455.922000	3807
455.775000	3836
455.629000	3808
455.482000	3808
455.335000	3786
455.189000	3806
455.042000	3835
454.896000	3818
454.749000	3852
454.603000	3832
454.456000	3821
454.309000	3828
454.163000	3852
454.016000	3842
453.870000	3835
453.723000	3827
453.576000	3827
453.430000	3845
453.283000	3819
453.137000	3835
452.990000	3809
452.844000	3800
452.697000	3823
452.550000	3849
452.404000	3836
452.257000	3817
452.111000	3809
451.964000	3841
451.817000	3862
451.671000	3811
451.524000	3762
451.378000	3809
451.231000	3805
451.085000	3785
450.938000	3825
450.791000	3846
450.645000	3806
450.498000	3736
450.352000	3752
450.205000	3775
450.058000	3773
449.912000	3772
449.765000	3745
449.619000	3740
449.472000	3779
449.326000	3749
449.179000	3721
449.032000	3733
448.886000	3801
448.739000	3769
448.593000	3748
448.446000	3725
448.300000	3714
448.153000	3703
448.006000	3720
447.860000	3736
447.713000	3786
447.567000	3774
447.420000	3734
447.273000	3721
447.127000	3724
446.980000	3700
446.834000	3670
446.687000	3678
446.541000	3713
446.394000	3728
446.247000	3711
446.101000	3676
445.954000	3695
445.808000	3670
445.661000	3627
445.514000	3632
445.368000	3667
445.221000	3704
445.075000	3660
444.928000	3691
444.782000	3684
444.635000	3656
444.488000	3676
444.342000	3617
444.195000	3604
444.049000	3623
443.902000	3592
443.755000	3608
443.609000	3638
443.462000	3643
443.316000	3659
443.169000	3660
443.023000	3653
442.876000	3616
442.729000	3598
442.583000	3626
442.436000	3653
442.290000	3635
442.143000	3607
441.996000	3594
441.850000	3648
441.703000	3660
441.557000	3633
441.410000	3591
441.264000	3566
441.117000	3594
440.970000	3621
440.824000	3626
440.677000	3644
440.531000	3631
440.384000	3603
440.237000	3601
440.091000	3577
439.944000	3576
439.798000	3573
439.651000	3565
439.505000	3590
439.358000	3615
439.211000	3600
439.065000	3594
438.918000	3577
438.772000	3581
438.625000	3600
438.478000	3623
438.332000	3601
438.185000	3599
438.039000	3617
437.892000	3585
437.746000	3585
437.599000	3600
437.452000	3557
437.306000	3594
437.159000	3582
437.013000	3555
436.866000	3566
436.719000	3620
436.573000	3603
436.426000	3591
436.280000	3598
436.133000	3572
435.987000	3550
435.840000	3586
435.697000	3564
435.554000	3571
435.411000	3588
435.268000	3576
435.125000	3556
434.982000	3572
434.839000	3573
434.696000	3555
434.553000	3545
434.410000	3525
434.267000	3520
434.124000	3525
433.981000	3544
433.838000	3543
433.695000	3554
433.552000	3562
433.409000	3552
433.265000	3558
433.122000	3546
432.979000	3522
432.836000	3521
432.693000	3564
432.550000	3577
432.407000	3552
432.264000	3548
432.121000	3571
431.978000	3602
431.835000	3592
431.692000	3547
431.549000	3517
431.406000	3511
431.263000	3533
431.120000	3525
430.977000	3495
430.834000	3535
430.691000	3568
430.548000	3575
430.405000	3594
430.262000	3578
430.119000	3572
429.976000	3558
429.833000	3540
429.690000	3529
429.547000	3530
429.404000	3556
429.261000	3533
429.118000	3514
428.975000	3545
428.832000	3562
428.689000	3508
428.546000	3510
428.403000	3544
428.260000	3520
428.117000	3544
427.973000	3552
427.830000	3519
427.687000	3531
427.544000	3516
427.401000	3491
427.258000	3491
427.115000	3496
426.972000	3525
426.829000	3521
426.686000	3509
426.543000	3473
426.400000	3494
426.257000	3527
426.114000	3557
425.971000	3511
425.828000	3518
425.685000	3542
425.542000	3517
425.399000	3529
425.256000	3539
425.113000	3527
424.970000	3540
424.827000	3558
424.684000	3500
424.541000	3474
424.398000	3493
424.255000	3522
424.112000	3538
423.969000	3510
423.826000	3518
423.683000	3546
423.540000	3536
423.397000	3496
423.254000	3522
423.111000	3511
422.968000	3519
422.825000	3524
422.681000	3492
422.538000	3496
422.395000	3499
422.252000	3518
422.109000	3522
421.966000	3533
421.823000	3542
421.680000	3503
421.537000	3518
421.394000	3517
421.251000	3498
421.108000	3506
420.965000	3516
420.822000	3515
420.679000	3540
420.536000	3527
420.393000	3535
420.250000	3525
420.107000	3534
419.964000	3505
419.821000	3510
419.678000	3523
419.535000	3540
419.392000	3521
419.249000	3509
419.106000	3506
418.963000	3482
418.820000	3496
418.677000	3496
418.534000	3499
418.391000	3513
418.248000	3527
418.105000	3540
417.962000	3551
417.819000	3563
417.676000	3529
417.532000	3499
417.389000	3503
417.246000	3506
417.103000	3520
416.960000	3507
416.817000	3549
416.674000	3541
416.531000	3503
416.388000	3546
416.245000	3521
416.102000	3465
415.959000	3492
415.816000	3488
415.673000	3505
415.530000	3500
415.387000	3508
415.244000	3515
415.101000	3501
414.958000	3510
414.815000	3504
414.672000	3491
414.529000	3470
414.386000	3483
414.243000	3511
414.100000	3494
413.957000	3512
413.814000	3530
413.671000	3548
413.528000	3540
413.385000	3504
413.242000	3498
413.099000	3500
412.956000	3505
412.813000	3508
412.670000	3514
412.527000	3508
412.383000	3507
412.240000	3491
412.097000	3525
411.954000	3527
411.811000	3486
411.668000	3476
411.525000	3484
411.382000	3502
411.239000	3526
411.096000	3487
410.953000	3486
410.810000	3480
410.667000	3506
410.524000	3508
410.381000	3500
410.238000	3512
410.095000	3472
409.952000	3489
409.809000	3518
409.666000	3519
409.523000	3528
409.380000	3519
409.237000	3501
409.094000	3507
408.951000	3544
408.808000	3552
408.665000	3526
408.522000	3497
408.379000	3512
408.236000	3536
408.093000	3539
407.950000	3497
407.807000	3498
407.664000	3501
407.521000	3461
407.378000	3463
407.235000	3474
407.091000	3505
406.948000	3509
406.805000	3491
406.662000	3517
406.519000	3551
406.376000	3547
406.233000	3497
406.090000	3515
405.947000	3559
405.804000	3535
405.661000	3495
405.518000	3504
405.375000	3544
405.232000	3529
405.089000	3471
404.946000	3466
404.803000	3518
404.660000	3536
404.521000	3492
404.382000	3478
404.243000	3513
404.104000	3495
403.965000	3489
403.826000	3510
403.687000	3525
403.549000	3528
403.410000	3521
403.271000	3505
403.132000	3500
402.993000	3498
402.854000	3530
402.715000	3511
402.576000	3518
402.437000	3549
402.298000	3530
402.159000	3500
402.020000	3526
401.881000	3516
401.742000	3515
401.603000	3518
401.464000	3504
401.326000	3516
401.187000	3495
401.048000	3503
400.909000	3524
400.770000	3496
400.631000	3476
400.492000	3528
400.353000	3527
400.214000	3530
400.075000	3549
399.936000	3532
399.797000	3489
399.658000	3534
399.519000	3548
399.380000	3513
399.241000	3489
399.103000	3462
398.964000	3488
398.825000	3545
398.686000	3533
398.547000	3535
398.408000	3545
398.269000	3520
398.130000	3499
397.991000	3518
397.852000	3487
397.713000	3483
397.574000	3515
397.435000	3518
397.296000	3529
397.157000	3488
397.019000	3521
396.880000	3522
396.741000	3508
396.602000	3530
396.463000	3521
396.324000	3550
396.185000	3540
396.046000	3540
395.907000	3546
395.768000	3526
395.629000	3495
395.490000	3509
395.351000	3466
395.212000	3476
395.073000	3513
394.934000	3517
394.796000	3527
394.657000	3531
394.518000	3531
394.379000	3523
394.240000	3534
394.101000	3532
393.962000	3506
393.823000	3501
393.684000	3500
393.545000	3496
393.406000	3488
393.267000	3492
393.128000	3495
392.989000	3545
392.850000	3514
392.711000	3495
392.573000	3515
392.434000	3518
392.295000	3545
392.156000	3533
392.017000	3533
391.878000	3535
391.739000	3542
391.600000	3515
391.461000	3497
391.322000	3480
391.183000	3496
391.044000	3508
390.905000	3483
390.766000	3500
390.627000	3523
390.489000	3517
390.350000	3511
390.211000	3515
390.072000	3496
389.933000	3463
389.794000	3468
389.655000	3507
389.516000	3529
389.377000	3493
389.238000	3461
389.099000	3502
388.960000	3528
388.821000	3497
388.682000	3491
388.543000	3494
388.404000	3489
388.266000	3476
388.127000	3507
387.988000	3533
387.849000	3523
387.710000	3519
387.571000	3527
387.432000	3524
387.293000	3494
387.154000	3487
387.015000	3499
386.876000	3555
386.737000	3509
386.598000	3509
386.459000	3522
386.320000	3514
386.181000	3514
386.043000	3512
385.904000	3526
385.765000	3500
385.626000	3475
385.487000	3518
385.348000	3491
385.209000	3517
385.070000	3519
384.931000	3506
384.792000	3499
384.653000	3513
384.514000	3484
384.375000	3474
384.236000	3504
384.097000	3496
383.959000	3513
383.820000	3522
383.681000	3534
383.542000	3510
383.403000	3514
383.264000	3511
383.125000	3482
382.986000	3491
382.847000	3507
382.708000	3503
382.569000	3507
382.430000	3501
382.291000	3479
382.152000	3518
382.013000	3530
381.874000	3495
381.736000	3463
381.597000	3455
381.458000	3479
381.319000	3512
381.180000	3499
381.041000	3513
380.902000	3537
380.763000	3523
380.624000	3506
380.485000	3498
380.346000	3524
380.207000	3548
380.068000	3525
379.929000	3493
379.790000	3494
379.651000	3524
379.513000	3512
379.374000	3480
379.235000	3502
379.096000	3501
378.957000	3472
378.818000	3483
378.679000	3521
378.540000	3524
378.401000	3517
378.262000	3502
378.123000	3491
377.984000	3510
377.845000	3498
377.706000	3449
377.567000	3467
377.429000	3441
377.290000	3473
377.151000	3481
377.012000	3518
376.873000	3539
376.734000	3524
376.595000	3520
376.456000	3524
376.317000	3475
376.178000	3516
376.039000	3536
375.900000	3531
375.761000	3507
375.622000	3499
375.483000	3519
375.344000	3535
375.206000	3534
375.067000	3523
374.928000	3505
374.789000	3499
374.650000	3484
374.511000	3528
374.372000	3529
374.233000	3517
374.094000	3518
373.955000	3497
373.816000	3513
373.677000	3511
373.538000	3498
373.399000	3514
373.260000	3533
373.121000	3505
372.983000	3490
372.844000	3524
372.705000	3518
372.566000	3498
372.427000	3491
372.288000	3466
372.149000	3463
372.010000	3493
371.871000	3489
371.732000	3491
371.593000	3538
371.454000	3520
371.315000	3507
371.176000	3500
371.037000	3524
370.899000	3503
370.760000	3480
370.621000	3488
370.482000	3530
370.343000	3536
370.204000	3489
370.065000	3491
369.926000	3520
369.787000	3501
369.648000	3495
369.509000	3501
369.370000	3494
369.231000	3503
369.092000	3532
368.953000	3524
368.814000	3478
368.676000	3493
368.537000	3543
368.398000	3497
368.259000	3439
368.120000	3418
367.981000	3461
367.842000	3480
367.703000	3505
367.564000	3537
367.425000	3513
367.286000	3485
367.147000	3519
367.008000	3531
366.869000	3514
366.730000	3453
366.591000	3463
366.453000	3510
366.314000	3545
366.175000	3494
366.036000	3479
365.897000	3512
365.758000	3518
365.619000	3508
365.480000	3485
365.342000	3496
365.203000	3503
365.065000	3527
364.926000	3544
364.788000	3510
364.650000	3463
364.511000	3508
364.373000	3512
364.235000	3534
364.096000	3492
363.958000	3475
363.819000	3457
363.681000	3469
363.543000	3508
363.404000	3529
363.266000	3519
363.127000	3497
362.989000	3484
362.851000	3476
362.712000	3463
362.574000	3497
362.435000	3488
362.297000	3526
362.159000	3551
362.020000	3508
361.882000	3561
361.744000	3555
361.605000	3505
361.467000	3508
361.328000	3442
361.190000	3456
361.052000	3476
360.913000	3501
360.775000	3540
360.636000	3521
360.498000	3526
360.360000	3565
360.221000	3545
360.083000	3527
359.945000	3497
359.806000	3491
359.668000	3497
359.529000	3503
359.391000	3490
359.253000	3461
359.114000	3514
358.976000	3546
358.837000	3550
358.699000	3506
358.561000	3485
358.422000	3475
358.284000	3482
358.146000	3486
358.007000	3467
357.869000	3491
357.730000	3528
357.592000	3544
357.454000	3502
357.315000	3481
357.177000	3503
357.038000	3514
356.900000	3515
356.762000	3512
356.623000	3528
356.485000	3511
356.347000	3508
356.208000	3525
356.070000	3532
355.931000	3471
355.793000	3509
355.655000	3524
355.516000	3512
355.378000	3487
355.239000	3489
355.101000	3486
354.963000	3497
354.824000	3494
354.686000	3526
354.547000	3517
354.409000	3520
354.271000	3516
354.132000	3503
353.994000	3524
353.856000	3489
353.717000	3485
353.579000	3502
353.440000	3527
353.302000	3524
353.164000	3504
353.025000	3508
352.887000	3499
352.748000	3512
352.610000	3485
352.472000	3487
352.333000	3507
352.195000	3528
352.057000	3523
351.918000	3520
351.780000	3523
351.641000	3490
351.503000	3470
351.365000	3503
351.226000	3540
351.088000	3551
350.949000	3536
350.811000	3520
350.673000	3497
350.534000	3489
350.396000	3488
350.258000	3492
350.119000	3510
349.981000	3513
349.842000	3505
349.704000	3536
349.566000	3516
349.427000	3472
349.289000	3499
349.150000	3454
349.012000	3508
348.874000	3529
348.735000	3522
348.597000	3547
348.458000	3555
348.320000	3538
348.182000	3531
348.043000	3530
347.905000	3524
347.767000	3486
347.628000	3451
347.490000	3460
347.351000	3512
347.213000	3538
347.075000	3535
346.936000	3505
346.798000	3519
346.659000	3525
346.521000	3488
346.383000	3469
346.244000	3512
346.106000	3481
345.968000	3484
345.829000	3501
345.691000	3514
345.552000	3531
345.414000	3535
345.276000	3539
345.137000	3533
344.999000	3480
344.860000	3475
344.722000	3480
344.584000	3502
344.445000	3490
344.307000	3498
344.169000	3492
344.030000	3492
343.892000	3509
343.753000	3492
343.615000	3484
343.477000	3505
343.338000	3518
343.200000	3541
343.061000	3523
342.923000	3570
342.785000	3549
342.646000	3476
342.508000	3505
342.370000	3466
342.231000	3448
342.093000	3466
341.954000	3483
341.816000	3541
341.678000	3520
341.539000	3528
341.401000	3524
341.262000	3487
341.124000	3513
340.986000	3520
340.847000	3525
340.709000	3475
340.570000	3481
340.432000	3528
340.294000	3521
340.155000	3499
340.017000	3513
339.879000	3521
339.740000	3505
339.602000	3507
339.463000	3505
339.325000	3513
339.187000	3517
339.048000	3480
338.910000	3463
338.771000	3524
338.633000	3515
338.495000	3504
338.356000	3487
338.218000	3492
338.080000	3503
337.941000	3461
337.803000	3475
337.664000	3508
337.526000	3508
337.388000	3519
337.249000	3504
337.111000	3540
336.972000	3502
336.834000	3505
336.696000	3527
336.557000	3531
336.419000	3529
336.281000	3538
336.142000	3527
336.004000	3496
335.865000	3503
335.727000	3523
335.589000	3486
335.450000	3473
335.312000	3518
335.173000	3526
335.035000	3523
334.897000	3534
334.758000	3524
334.620000	3510
334.481000	3528
334.343000	3531
334.205000	3479
334.066000	3464
333.928000	3494
333.790000	3494
333.651000	3501
333.513000	3498
333.374000	3533
333.236000	3500
333.098000	3501
332.959000	3520
332.821000	3492
332.682000	3524
332.544000	3542
332.406000	3518
332.267000	3494
332.129000	3497
331.991000	3520
331.852000	3547
331.714000	3518
331.575000	3486
331.437000	3473
331.299000	3471
331.160000	3484
331.022000	3497
330.883000	3495
330.745000	3480
330.607000	3528
330.468000	3551
330.330000	3534
330.192000	3488
330.053000	3493
329.915000	3482
329.776000	3495
329.638000	3546
329.500000	3508
329.361000	3516
329.223000	3523
329.084000	3489
328.946000	3534
328.808000	3514
328.669000	3501
328.531000	3500
328.392000	3480
328.254000	3467
328.116000	3509
327.977000	3504
327.839000	3492
327.701000	3527
327.562000	3495
327.424000	3472
327.285000	3522
327.147000	3504
327.009000	3489
326.870000	3495
326.732000	3491
326.593000	3485
326.455000	3498
326.317000	3523
326.178000	3486
326.040000	3444
325.902000	3500
325.763000	3515
325.625000	3468
325.486000	3474
325.348000	3545
325.210000	3525
325.071000	3516
324.933000	3508
324.794000	3490
324.656000	3467
324.518000	3478
324.379000	3516
324.241000	3552
324.103000	3528
323.964000	3496
323.826000	3517
323.687000	3490
323.549000	3514
323.411000	3487
323.272000	3491
323.134000	3500
322.995000	3511
322.857000	3514
322.719000	3530
322.580000	3468
322.442000	3501
322.303000	3518
322.165000	3508
322.027000	3508
321.888000	3504
321.750000	3528
321.612000	3488
321.473000	3463
321.335000	3503
321.196000	3523
321.058000	3488
320.920000	3512
320.781000	3578
320.643000	3508
320.504000	3495
320.366000	3516
320.228000	3518
320.089000	3535
319.951000	3517
319.813000	3490
319.674000	3461
319.536000	3494
319.397000	3524
319.259000	3506
319.121000	3487
318.982000	3461
318.844000	3485
318.705000	3483
318.567000	3520
318.429000	3541
318.290000	3551
318.152000	3552
318.014000	3523
317.875000	3470
317.737000	3494
317.598000	3532
317.460000	3505
317.322000	3508
317.183000	3516
317.045000	3550
316.906000	3566
316.768000	3551
316.630000	3486
316.491000	3480
316.353000	3485
316.214000	3489
316.076000	3488
315.938000	3475
315.799000	3511
315.661000	3501
315.523000	3535
315.384000	3536
315.246000	3509
315.107000	3529
314.969000	3479
314.831000	3490
314.692000	3514
314.554000	3503
314.415000	3511
314.277000	3563
314.139000	3551
314.000000	3512
313.862000	3487
313.724000	3481
313.585000	3511
313.447000	3524
313.308000	3490
313.170000	3489
313.036000	3498
312.902000	3534
312.768000	3515
312.634000	3508
312.500000	3464
312.366000	3469
312.232000	3516
312.098000	3545
311.964000	3528
311.829000	3482
311.695000	3520
311.561000	3538
311.427000	3512
311.293000	3499
311.159000	3465
311.025000	3484
310.891000	3471
310.757000	3464
310.623000	3480
310.489000	3500
310.355000	3492
310.221000	3524
310.087000	3529
309.953000	3489
309.819000	3481
309.685000	3488
309.551000	3504
309.416000	3492
309.282000	3496
309.148000	3517
309.014000	3491
308.880000	3513
308.746000	3502
308.612000	3489
308.478000	3494
308.344000	3486
308.210000	3468
308.076000	3485
307.942000	3547
307.808000	3508
307.674000	3482
307.540000	3502
307.406000	3515
307.272000	3505
307.138000	3487
307.004000	3462
306.869000	3435
306.735000	3491
306.601000	3565
306.467000	3552
306.333000	3547
306.199000	3523
306.065000	3509
305.931000	3465
305.797000	3482
305.663000	3492
305.529000	3503
305.395000	3527
305.261000	3510
305.127000	3499
304.993000	3526
304.859000	3538
304.725000	3495
304.591000	3475
304.456000	3497
304.322000	3482
304.188000	3469
304.054000	3507
303.920000	3543
303.786000	3510
303.652000	3524
303.518000	3513
303.384000	3460
303.250000	3481
303.116000	3487
302.982000	3454
302.848000	3461
302.714000	3491
302.580000	3522
302.446000	3507
302.312000	3499
302.178000	3503
302.044000	3482
301.909000	3495
301.775000	3521
301.641000	3517
301.507000	3491
301.373000	3488
301.239000	3504
301.105000	3503
300.971000	3516
300.837000	3504
300.703000	3465
300.569000	3474
300.435000	3512
300.301000	3503
300.167000	3536
300.033000	3537
299.899000	3500
299.765000	3505
299.631000	3484
299.496000	3517
299.362000	3523
299.228000	3462
299.094000	3477
298.960000	3529
298.826000	3540
298.692000	3538
298.558000	3548
298.424000	3521
298.290000	3508
298.156000	3510
298.022000	3508
297.888000	3524
297.754000	3491
297.620000	3510
297.486000	3529
297.352000	3505
297.218000	3498
297.084000	3505
296.949000	3503
296.815000	3453
296.681000	3489
296.547000	3521
296.413000	3513
296.279000	3492
296.145000	3503
296.011000	3527
295.877000	3516
295.743000	3534
295.609000	3588
295.475000	3543
295.341000	3488
295.207000	3477
295.073000	3503
294.939000	3523
294.805000	3512
294.671000	3470
294.536000	3509
294.402000	3522
294.268000	3535
294.134000	3501
294.000000	3514
293.866000	3494
293.732000	3474
293.598000	3518
293.464000	3536
293.330000	3531
293.196000	3528
293.062000	3498
292.928000	3512
292.794000	3515
292.660000	3481
292.526000	3484
292.392000	3499
292.258000	3547
292.124000	3539
291.989000	3540
291.855000	3525
291.721000	3512
291.587000	3513
291.453000	3530
291.319000	3537
291.185000	3526
291.051000	3538
290.917000	3504
290.783000	3494
290.649000	3502
290.515000	3509
290.381000	3504
290.247000	3488
290.113000	3469
289.979000	3476
289.845000	3511
289.711000	3511
289.576000	3503
289.442000	3490
289.308000	3515
289.174000	3508
289.040000	3509
288.906000	3462
288.772000	3488
288.638000	3507
288.504000	3527
288.370000	3491
288.236000	3518
288.102000	3520
287.968000	3515
287.834000	3516
287.700000	3482
287.566000	3452
287.432000	3469
287.298000	3473
287.164000	3463
287.029000	3493
286.895000	3519
286.761000	3540
286.627000	3522
286.493000	3548
286.359000	3487
286.225000	3464
286.091000	3507
285.957000	3498
285.823000	3484
285.689000	3510
285.555000	3519
285.421000	3500
285.287000	3499
285.153000	3539
285.019000	3530
284.885000	3536
284.751000	3531
284.616000	3494
284.482000	3498
284.348000	3498
284.214000	3498
284.080000	3528
283.946000	3539
283.812000	3515
283.678000	3486
283.544000	3497
283.410000	3514
283.276000	3542
283.142000	3520
283.008000	3522
282.874000	3544
282.740000	3523
282.606000	3514
282.472000	3538
282.338000	3484
282.204000	3464
282.069000	3502
281.935000	3526
281.801000	3482
281.667000	3513
281.533000	3533
281.399000	3498
281.265000	3507
281.131000	3549
280.997000	3506
280.863000	3503
280.729000	3534
280.595000	3520
280.461000	3507
280.327000	3529
280.193000	3544
280.059000	3534
279.925000	3514
279.791000	3514
279.656000	3492
279.522000	3511
279.388000	3483
279.254000	3488
279.120000	3511
278.986000	3505
278.852000	3520
278.718000	3497
278.584000	3505
278.450000	3505
278.316000	3476
278.182000	3477
278.048000	3474
277.914000	3483
277.780000	3505
277.646000	3518
277.512000	3519
277.378000	3513
277.244000	3490
277.109000	3439
276.975000	3457
276.841000	3479
276.707000	3506
276.573000	3520
276.439000	3527
276.305000	3519
276.171000	3529
276.037000	3537
275.903000	3518
275.769000	3460
275.635000	3481
275.501000	3468
275.367000	3480
275.233000	3512
275.099000	3495
274.965000	3509
274.831000	3496
274.696000	3500
274.562000	3507
274.428000	3490
274.294000	3478
274.160000	3472
274.026000	3504
273.892000	3508
273.758000	3526
273.624000	3555
273.490000	3517
273.356000	3460
273.222000	3486
273.088000	3477
272.954000	3478
272.820000	3489
272.686000	3481
272.552000	3501
272.418000	3492
272.284000	3538
272.149000	3562
272.015000	3551
271.881000	3534
271.747000	3509
271.613000	3484
271.479000	3490
271.345000	3512
271.211000	3525
271.077000	3531
270.943000	3510
270.809000	3510
270.675000	3531
270.541000	3516
270.407000	3505
270.273000	3504
270.139000	3484
270.005000	3508
269.871000	3515
269.736000	3526
269.602000	3513
269.468000	3488
269.334000	3482
269.200000	3472
269.066000	3453
268.932000	3486
268.798000	3519
268.664000	3504
268.530000	3506
268.396000	3526
268.262000	3509
268.128000	3521
267.994000	3513
267.860000	3466
267.726000	3507
267.592000	3520
267.458000	3523
267.324000	3547
267.189000	3512
267.055000	3493
266.921000	3535
266.787000	3552
266.653000	3519
266.519000	3490
266.385000	3477
266.251000	3475
266.117000	3518
265.983000	3528
265.849000	3501
265.715000	3524
265.581000	3551
265.447000	3553
265.313000	3510
265.179000	3464
265.045000	3487
264.911000	3514
264.776000	3532
264.642000	3528
264.508000	3510
264.374000	3525
264.240000	3525
264.106000	3528
263.972000	3502
263.838000	3500
263.704000	3472
263.570000	3509
263.436000	3492
263.302000	3523
263.168000	3554
263.034000	3546
262.900000	3516
262.766000	3494
262.632000	3506
262.498000	3529
262.364000	3500
262.229000	3503
262.095000	3496
261.961000	3518
261.827000	3530
261.693000	3528
261.559000	3528
261.425000	3525
261.291000	3502
261.157000	3524
261.023000	3502
260.889000	3511
260.755000	3521
260.621000	3535
260.487000	3537
260.353000	3522
260.219000	3499
260.085000	3506
259.951000	3514
259.816000	3474
259.682000	3480
259.548000	3489
259.414000	3490
259.280000	3510
259.146000	3503
259.012000	3515
258.878000	3502
258.744000	3501
258.610000	3477
258.476000	3484
258.342000	3501
258.208000	3521
258.074000	3539
257.940000	3507
257.806000	3524
257.672000	3501
257.538000	3492
257.404000	3527
257.269000	3513
257.135000	3488
257.001000	3513
256.867000	3489
256.733000	3458
256.599000	3477
256.465000	3501
256.331000	3516
256.197000	3518
256.063000	3488
255.929000	3477
255.795000	3462
255.661000	3481
255.527000	3467
255.393000	3447
255.259000	3491
255.125000	3525
254.991000	3555
254.856000	3552
254.722000	3497
254.588000	3500
254.454000	3517
254.320000	3506
254.186000	3504
254.052000	3534
253.918000	3522
253.784000	3524
253.650000	3528
253.518000	3500
253.385000	3500
253.253000	3464
253.120000	3477
252.988000	3536
252.856000	3526
252.723000	3512
252.591000	3529
252.458000	3511
252.326000	3478
252.193000	3500
252.061000	3502
251.929000	3521
251.796000	3524
251.664000	3504
251.531000	3504
251.399000	3516
251.267000	3501
251.134000	3502
251.002000	3518
250.869000	3505
250.737000	3495
250.605000	3453
250.472000	3494
250.340000	3512
250.207000	3526
250.075000	3538
249.943000	3515
249.810000	3508
249.678000	3531
249.545000	3485
249.413000	3503
249.280000	3505
249.148000	3529
249.016000	3531
248.883000	3527
248.751000	3490
248.618000	3540
248.486000	3545
248.354000	3534
248.221000	3535
248.089000	3523
247.956000	3497
247.824000	3502
247.692000	3488
247.559000	3474
247.427000	3505
247.294000	3507
247.162000	3509
247.029000	3504
246.897000	3508
246.765000	3513
246.632000	3493
246.500000	3483
246.367000	3467
246.235000	3514
246.103000	3503
245.970000	3489
245.838000	3493
245.705000	3492
245.573000	3488
245.441000	3505
245.308000	3519
245.176000	3480
245.043000	3483
244.911000	3493
244.779000	3489
244.646000	3497
244.514000	3508
244.381000	3498
244.249000	3516
244.116000	3501
243.984000	3494
243.852000	3480
243.719000	3510
243.587000	3501
243.454000	3532
243.322000	3502
243.190000	3452
243.057000	3409
242.925000	3477
242.792000	3507
242.660000	3501
242.528000	3527
242.395000	3519
242.263000	3488
242.130000	3515
241.998000	3497
241.865000	3522
241.733000	3510
241.601000	3514
241.468000	3503
241.336000	3512
241.203000	3531
241.071000	3500
240.939000	3504
240.806000	3534
240.674000	3516
240.541000	3485
240.409000	3438
240.277000	3462
240.144000	3471
240.012000	3474
239.879000	3507
239.747000	3515
239.614000	3539
239.482000	3502
239.350000	3507
239.217000	3529
239.085000	3490
238.952000	3482
238.820000	3477
238.688000	3430
238.555000	3462
238.423000	3471
238.290000	3539
238.158000	3544
238.026000	3507
237.893000	3495
237.761000	3476
237.628000	3491
237.496000	3511
237.364000	3480
237.231000	3525
237.099000	3503
236.966000	3466
236.834000	3501
236.701000	3511
236.569000	3489
236.437000	3496
236.304000	3500
236.172000	3524
236.039000	3486
235.907000	3484
235.775000	3488
235.642000	3496
235.510000	3472
235.377000	3495
235.245000	3473
235.113000	3464
234.980000	3485
234.848000	3483
234.715000	3510
234.583000	3509
234.450000	3508
234.318000	3525
234.186000	3497
234.053000	3481
233.921000	3462
233.788000	3533
233.656000	3506
233.524000	3484
233.391000	3545
233.259000	3512
233.126000	3495
232.994000	3499
232.862000	3514
232.729000	3494
232.597000	3472
232.464000	3510
232.332000	3520
232.200000	3508
232.067000	3513
231.935000	3490
231.802000	3481
231.670000	3498
231.537000	3522
231.405000	3488
231.273000	3479
231.140000	3487
231.008000	3468
230.875000	3468
230.743000	3501
230.611000	3514
230.478000	3482
230.346000	3512
230.213000	3496
230.081000	3480
229.949000	3527
229.816000	3522
229.684000	3521
229.551000	3504
229.419000	3501
229.286000	3501
229.154000	3505
229.022000	3482
228.889000	3510
228.757000	3497
228.624000	3467
228.492000	3470
228.360000	3495
228.227000	3518
228.095000	3528
227.962000	3509
227.830000	3482
227.698000	3467
227.565000	3496
227.433000	3484
227.300000	3507
227.168000	3491
227.036000	3536
226.903000	3517
226.771000	3480
226.638000	3490
226.506000	3532
226.373000	3552
226.241000	3526
226.109000	3464
225.976000	3446
225.844000	3493
225.711000	3543
225.579000	3542
225.447000	3488
225.314000	3484
225.182000	3499
225.049000	3509
224.917000	3509
224.785000	3508
224.652000	3464
224.520000	3476
224.387000	3522
224.255000	3490
224.122000	3499
223.990000	3507
223.858000	3527
223.725000	3508
223.593000	3479
223.460000	3465
223.328000	3513
223.196000	3480
223.063000	3447
222.931000	3490
222.798000	3508
222.666000	3498
222.534000	3495
222.401000	3521
222.269000	3481
222.136000	3475
222.004000	3498
221.871000	3509
221.739000	3504
221.607000	3490
221.474000	3481
221.342000	3511
221.209000	3558
221.077000	3548
220.945000	3529
220.812000	3535
220.680000	3495
220.547000	3521
220.415000	3552
220.283000	3482
220.150000	3498
220.018000	3512
219.885000	3529
219.753000	3505
219.621000	3476
219.488000	3504
219.356000	3476
219.223000	3486
219.091000	3485
218.958000	3485
218.826000	3521
218.694000	3529
218.561000	3504
218.429000	3450
218.296000	3462
218.164000	3479
218.032000	3513
217.899000	3510
217.767000	3495
217.634000	3530
217.502000	3535
217.370000	3499
217.237000	3508
217.105000	3492
216.972000	3503
216.840000	3506
216.707000	3514
216.575000	3527
216.443000	3545
216.310000	3556
216.178000	3500
216.045000	3504
215.913000	3493
215.781000	3489
215.648000	3494
215.516000	3475
215.383000	3480
215.251000	3531
215.119000	3548
214.986000	3539
214.854000	3524
214.721000	3522
214.589000	3552
214.457000	3506
214.324000	3498
214.192000	3514
214.059000	3521
213.927000	3512
213.794000	3530
213.662000	3529
213.530000	3530
213.397000	3511
213.265000	3506
213.132000	3495
213.000000	3513
212.868000	3513
212.735000	3520
212.603000	3547
212.470000	3500
212.338000	3542
212.206000	3543
212.073000	3491
211.941000	3482
211.808000	3506
211.676000	3495
211.543000	3480
211.411000	3498
211.279000	3498
211.146000	3509
211.014000	3504
210.881000	3517
210.749000	3496
210.617000	3443
210.484000	3471
210.352000	3521
210.219000	3495
210.087000	3484
209.955000	3486
209.822000	3498
209.690000	3505
209.557000	3501
209.425000	3522
209.292000	3496
209.160000	3490
209.028000	3512
208.895000	3493
208.763000	3481
208.630000	3500
208.498000	3506
208.366000	3499
208.233000	3485
208.101000	3496
207.968000	3492
207.836000	3483
207.704000	3510
207.571000	3504
207.439000	3493
207.306000	3531
207.174000	3505
207.042000	3496
206.909000	3494
206.777000	3508
206.644000	3494
206.512000	3503
206.379000	3508
206.247000	3499
206.115000	3505
205.982000	3550
205.850000	3557
205.717000	3542
205.585000	3530
205.453000	3472
205.320000	3484
205.188000	3503
205.055000	3491
204.923000	3504
204.791000	3521
204.658000	3528
204.526000	3512
204.393000	3508
204.261000	3524
204.128000	3482
203.996000	3517
203.864000	3501
203.731000	3523
203.599000	3496
203.466000	3488
203.334000	3531
203.202000	3538
203.069000	3540
202.937000	3549
202.804000	3518
202.672000	3507
202.540000	3480
202.407000	3491
202.275000	3507
202.142000	3513
202.010000	3516
201.878000	3538
201.745000	3546
201.613000	3541
201.480000	3503
201.348000	3487
201.215000	3514
201.083000	3514
200.951000	3488
200.818000	3487
200.686000	3495
200.553000	3509
200.421000	3505
200.289000	3510
200.156000	3495
200.024000	3485
199.891000	3527
199.759000	3515
199.627000	3492
199.494000	3526
199.362000	3546
199.229000	3526
199.097000	3555
198.964000	3552
198.832000	3511
198.700000	3497
198.567000	3517
198.435000	3525
198.302000	3528
198.170000	3485
198.038000	3524
197.905000	3514
