wavelength_nm	intensity
721.892000	3519
721.735000	3505
721.577000	3505
721.420000	3510
721.262000	3538
721.105000	3517
720.948000	3487
720.790000	3497
720.633000	3496
720.475000	3509
720.318000	3525
720.160000	3510
720.003000	3527
719.845000	3504
719.688000	3485
719.530000	3461
719.373000	3475
719.215000	3498
719.058000	3521
718.900000	3531
718.743000	3523
718.586000	3506
718.428000	3499
718.271000	3485
718.113000	3523
717.956000	3506
717.798000	3535
717.641000	3519
717.483000	3489
717.326000	3459
717.168000	3486
717.011000	3514
716.853000	3504
716.696000	3490
716.538000	3490
716.381000	3467
716.223000	3499
716.066000	3491
715.909000	3480
715.751000	3504
715.594000	3513
715.436000	3503
715.279000	3506
715.121000	3501
714.964000	3470
714.806000	3463
714.649000	3515
714.491000	3532
714.334000	3518
714.176000	3494
714.019000	3481
713.861000	3529
713.704000	3532
713.547000	3480
713.389000	3485
713.232000	3522
713.074000	3522
712.917000	3480
712.759000	3484
712.602000	3487
712.444000	3491
712.287000	3502
712.129000	3536
711.972000	3535
711.814000	3496
711.657000	3511
711.499000	3529
711.342000	3518
711.185000	3486
711.027000	3514
710.870000	3545
710.712000	3528
710.555000	3514
710.397000	3496
710.240000	3466
710.082000	3472
709.925000	3478
709.767000	3502
709.610000	3508
709.452000	3493
709.295000	3481
709.137000	3485
708.980000	3518
708.822000	3511
708.665000	3491
708.508000	3495
708.350000	3480
708.193000	3527
708.035000	3510
707.878000	3528
707.720000	3505
707.563000	3484
707.405000	3477
707.248000	3491
707.090000	3479
706.933000	3499
706.775000	3503
706.618000	3518
706.460000	3532
706.303000	3553
706.146000	3542
705.988000	3493
705.831000	3522
705.673000	3499
705.516000	3474
705.358000	3475
705.201000	3488
705.043000	3532
704.886000	3523
704.728000	3515
704.571000	3533
704.413000	3536
704.256000	3547
704.098000	3524
703.941000	3493
703.784000	3484
703.626000	3468
703.469000	3492
703.311000	3515
703.154000	3543
702.996000	3556
702.839000	3540
702.681000	3537
702.524000	3512
702.366000	3512
702.209000	3519
702.051000	3497
701.894000	3492
701.736000	3510
701.579000	3494
701.422000	3505
701.264000	3527
701.107000	3541
700.949000	3499
700.792000	3483
700.634000	3516
700.477000	3538
700.319000	3504
700.162000	3526
700.004000	3546
699.847000	3522
699.689000	3532
699.532000	3528
699.374000	3493
699.217000	3518
699.059000	3528
698.902000	3508
698.745000	3518
698.587000	3506
698.430000	3501
698.272000	3502
698.115000	3491
697.957000	3478
697.800000	3464
697.642000	3510
697.485000	3504
697.327000	3482
697.170000	3526
697.012000	3516
696.855000	3496
696.697000	3506
696.540000	3515
696.388000	3484
696.235000	3474
696.083000	3527
695.931000	3553
695.778000	3508
695.626000	3498
695.474000	3516
695.321000	3525
695.169000	3525
695.017000	3506
694.864000	3510
694.712000	3548
694.560000	3504
694.407000	3519
694.255000	3536
694.103000	3496
693.950000	3498
693.798000	3509
693.646000	3492
693.493000	3511
693.341000	3497
693.189000	3523
693.036000	3543
692.884000	3539
692.732000	3540
692.579000	3514
692.427000	3507
692.275000	3528
692.122000	3517
691.970000	3517
691.818000	3475
691.665000	3487
691.513000	3518
691.361000	3543
691.208000	3559
691.056000	3499
690.904000	3458
690.751000	3527
690.599000	3542
690.447000	3503
690.294000	3492
690.142000	3520
689.990000	3511
689.837000	3547
689.685000	3555
689.533000	3517
689.380000	3530
689.228000	3548
689.076000	3500
688.923000	3510
688.771000	3527
688.619000	3518
688.466000	3511
688.314000	3496
688.162000	3519
688.009000	3537
687.857000	3526
687.705000	3510
687.552000	3496
687.400000	3472
687.248000	3517
687.095000	3509
686.943000	3464
686.791000	3511
686.638000	3501
686.486000	3479
686.334000	3533
686.181000	3527
686.029000	3523
685.877000	3519
685.724000	3515
685.572000	3504
685.420000	3487
685.267000	3496
685.115000	3529
684.963000	3517
684.811000	3504
684.658000	3519
684.506000	3541
684.354000	3536
684.201000	3519
684.049000	3510
683.897000	3521
683.744000	3526
683.592000	3571
683.440000	3570
683.287000	3554
683.135000	3550
682.983000	3520
682.830000	3490
682.678000	3491
682.526000	3502
682.373000	3531
682.221000	3582
682.069000	3565
681.916000	3528
681.764000	3556
681.612000	3559
681.459000	3508
681.307000	3521
681.155000	3527
681.002000	3507
680.850000	3496
680.698000	3515
680.545000	3578
680.393000	3590
680.241000	3559
680.088000	3541
679.936000	3533
679.784000	3519
679.631000	3538
679.479000	3523
679.327000	3529
679.174000	3544
679.022000	3527
678.870000	3497
678.717000	3502
678.565000	3523
678.413000	3515
678.260000	3543
678.108000	3549
677.956000	3547
677.803000	3537
677.651000	3591
677.499000	3571
677.346000	3528
677.194000	3564
677.042000	3592
676.889000	3562
676.737000	3534
676.585000	3554
676.432000	3566
676.280000	3569
676.128000	3583
675.975000	3592
675.823000	3572
675.671000	3564
675.518000	3561
675.366000	3561
675.214000	3561
675.061000	3576
674.909000	3584
674.757000	3588
674.604000	3556
674.452000	3571
674.300000	3580
674.147000	3570
673.995000	3554
673.843000	3577
673.690000	3565
673.538000	3542
673.386000	3548
673.233000	3548
673.081000	3521
672.929000	3568
672.776000	3600
672.624000	3591
672.472000	3551
672.319000	3574
672.167000	3541
672.015000	3526
671.862000	3536
671.710000	3572
671.558000	3567
671.405000	3553
671.253000	3602
671.101000	3576
670.948000	3515
670.796000	3538
670.644000	3554
670.491000	3586
670.339000	3579
670.187000	3552
670.034000	3576
669.882000	3622
669.730000	3607
669.577000	3576
669.425000	3568
669.273000	3618
669.120000	3624
668.968000	3609
668.816000	3619
668.663000	3612
668.511000	3636
668.359000	3595
668.206000	3601
668.054000	3568
667.902000	3570
667.749000	3588
667.597000	3581
667.445000	3563
667.292000	3568
667.140000	3568
666.988000	3582
666.835000	3604
666.683000	3583
666.531000	3540
666.378000	3564
666.226000	3610
666.074000	3574
665.921000	3543
665.769000	3584
665.617000	3590
665.464000	3607
665.312000	3580
665.160000	3573
665.007000	3535
664.855000	3577
664.703000	3606
664.550000	3618
664.398000	3596
664.246000	3603
664.093000	3566
663.941000	3589
663.789000	3570
663.636000	3578
663.484000	3560
663.332000	3572
663.179000	3562
663.027000	3579
662.875000	3585
662.722000	3600
662.570000	3596
662.418000	3578
662.265000	3609
662.113000	3596
661.961000	3560
661.808000	3574
661.656000	3557
661.504000	3566
661.351000	3596
661.199000	3624
661.047000	3585
660.894000	3558
660.742000	3549
660.590000	3536
660.438000	3550
660.285000	3599
660.133000	3572
659.981000	3576
659.828000	3551
659.676000	3543
659.524000	3559
659.371000	3548
659.219000	3536
659.067000	3557
658.914000	3552
658.762000	3543
658.610000	3540
658.457000	3520
658.305000	3556
658.153000	3573
658.000000	3593
657.848000	3606
657.696000	3575
657.543000	3572
657.391000	3604
657.239000	3554
657.086000	3555
656.934000	3577
656.782000	3582
656.629000	3566
656.477000	3586
656.325000	3598
656.172000	3591
656.020000	3556
655.868000	3573
655.715000	3591
655.563000	3573
655.411000	3547
655.258000	3577
655.106000	3575
654.954000	3575
654.801000	3579
654.649000	3561
654.497000	3536
654.344000	3547
654.192000	3599
654.040000	3623
653.887000	3604
653.735000	3591
653.583000	3573
653.430000	3558
653.278000	3586
653.126000	3557
652.973000	3552
652.821000	3572
652.669000	3560
652.516000	3555
652.364000	3583
652.212000	3573
652.059000	3583
651.907000	3608
651.755000	3601
651.602000	3538
651.450000	3579
651.298000	3579
651.145000	3576
650.993000	3568
650.841000	3582
650.688000	3544
650.536000	3563
650.384000	3591
650.231000	3599
650.079000	3562
649.927000	3547
649.774000	3578
649.622000	3611
649.470000	3601
649.317000	3556
649.165000	3552
649.013000	3582
648.860000	3584
648.708000	3597
648.556000	3586
648.403000	3560
648.251000	3563
648.099000	3583
647.946000	3608
647.794000	3612
647.642000	3606
647.489000	3606
647.337000	3605
647.185000	3598
647.032000	3557
646.880000	3546
646.728000	3561
646.575000	3618
646.423000	3650
646.271000	3632
646.118000	3619
645.966000	3650
645.814000	3640
645.661000	3572
645.509000	3545
645.357000	3590
645.204000	3613
645.052000	3577
644.900000	3612
644.747000	3656
644.595000	3651
644.443000	3623
644.290000	3584
644.138000	3593
643.986000	3606
643.833000	3597
643.681000	3586
643.529000	3618
643.376000	3664
643.224000	3646
643.072000	3649
642.919000	3616
642.767000	3593
642.615000	3627
642.462000	3616
642.310000	3608
642.158000	3648
642.005000	3645
641.853000	3620
641.701000	3600
641.548000	3620
641.396000	3632
641.244000	3629
641.091000	3576
640.939000	3585
640.787000	3627
640.634000	3608
640.482000	3596
640.330000	3648
640.177000	3626
640.025000	3569
639.873000	3603
639.720000	3619
639.568000	3611
639.416000	3614
639.263000	3603
639.111000	3619
638.959000	3621
638.806000	3625
638.654000	3645
638.502000	3660
638.349000	3634
638.197000	3633
638.045000	3610
637.892000	3624
637.740000	3639
637.588000	3625
637.435000	3611
637.283000	3631
637.131000	3665
636.979000	3642
636.826000	3641
636.674000	3613
636.521000	3619
636.369000	3631
636.217000	3624
636.065000	3602
635.912000	3604
635.760000	3631
635.608000	3649
635.455000	3639
635.303000	3638
635.151000	3614
634.998000	3612
634.846000	3570
634.694000	3608
634.541000	3639
634.389000	3613
634.237000	3638
634.084000	3633
633.932000	3630
633.780000	3653
633.627000	3623
633.475000	3624
633.323000	3650
633.170000	3657
633.018000	3703
632.866000	3689
632.713000	3640
632.561000	3647
632.409000	3656
632.256000	3647
632.104000	3616
631.952000	3596
631.799000	3628
631.647000	3626
631.495000	3613
631.342000	3615
631.190000	3628
631.038000	3625
630.885000	3663
630.733000	3635
630.581000	3641
630.428000	3655
630.276000	3668
630.124000	3667
629.971000	3658
629.819000	3663
629.667000	3664
629.514000	3602
629.362000	3626
629.210000	3639
629.057000	3624
628.905000	3611
628.753000	3646
628.600000	3663
628.448000	3651
628.296000	3656
628.143000	3666
627.991000	3621
627.839000	3621
627.686000	3605
627.534000	3629
627.382000	3639
627.229000	3632
627.077000	3645
626.925000	3681
626.772000	3640
626.620000	3646
626.468000	3672
626.315000	3626
626.163000	3614
626.011000	3624
625.858000	3634
625.706000	3625
625.554000	3632
625.401000	3653
625.249000	3672
625.097000	3687
624.944000	3674
624.792000	3667
624.640000	3668
624.487000	3646
624.335000	3670
624.183000	3646
624.030000	3614
623.878000	3657
623.726000	3660
623.573000	3668
623.421000	3662
623.269000	3643
623.116000	3645
622.964000	3647
622.812000	3666
622.659000	3640
622.507000	3628
622.355000	3606
622.202000	3584
622.050000	3601
621.898000	3676
621.745000	3660
621.593000	3652
621.441000	3656
621.288000	3647
621.136000	3617
620.984000	3610
620.831000	3627
620.679000	3640
620.527000	3650
620.374000	3674
620.222000	3633
620.070000	3639
619.917000	3630
619.765000	3612
619.613000	3632
619.460000	3610
619.308000	3630
619.156000	3640
619.003000	3634
618.851000	3624
618.699000	3556
618.546000	3601
618.394000	3631
618.242000	3608
618.089000	3653
617.937000	3665
617.785000	3647
617.632000	3637
617.480000	3642
617.328000	3660
617.175000	3658
617.023000	3633
616.871000	3631
616.718000	3651
616.566000	3651
616.414000	3632
616.261000	3649
616.109000	3644
615.957000	3628
615.804000	3594
615.652000	3632
615.500000	3682
615.347000	3676
615.195000	3665
615.043000	3689
614.890000	3662
614.738000	3637
614.586000	3626
614.433000	3651
614.281000	3612
614.129000	3630
613.976000	3626
613.824000	3649
613.672000	3686
613.519000	3681
613.367000	3675
613.215000	3683
613.063000	3663
612.910000	3658
612.758000	3613
612.606000	3609
612.453000	3640
612.301000	3692
612.149000	3657
611.996000	3594
611.844000	3631
611.692000	3652
611.539000	3668
611.387000	3682
611.235000	3675
611.082000	3650
610.930000	3639
610.778000	3643
610.625000	3628
610.473000	3644
610.321000	3640
610.168000	3639
610.016000	3666
609.864000	3648
609.711000	3621
609.559000	3648
609.407000	3611
609.254000	3605
609.102000	3635
608.950000	3665
608.797000	3662
608.645000	3648
608.493000	3641
608.340000	3630
608.188000	3640
608.036000	3632
607.883000	3624
607.731000	3633
607.579000	3663
607.426000	3688
607.274000	3678
607.122000	3674
606.969000	3684
606.817000	3627
606.665000	3642
606.512000	3673
606.360000	3662
606.208000	3644
606.055000	3681
605.903000	3684
605.751000	3652
605.598000	3684
605.446000	3714
605.294000	3667
605.141000	3639
604.989000	3671
604.837000	3632
604.684000	3628
604.532000	3660
604.380000	3648
604.227000	3676
604.075000	3665
603.923000	3667
603.770000	3649
603.618000	3644
603.466000	3612
603.313000	3627
603.161000	3645
603.009000	3627
602.856000	3647
602.704000	3637
602.552000	3665
602.399000	3694
602.247000	3671
602.095000	3690
601.942000	3634
601.790000	3620
601.638000	3633
601.485000	3592
601.333000	3653
601.181000	3657
601.028000	3667
600.876000	3649
600.724000	3646
600.571000	3666
600.419000	3614
600.267000	3616
600.114000	3653
599.962000	3658
599.810000	3696
599.657000	3661
599.505000	3619
599.353000	3608
599.200000	3659
599.048000	3667
598.896000	3631
598.743000	3664
598.591000	3682
598.439000	3667
598.286000	3612
598.134000	3603
597.982000	3672
597.829000	3650
597.677000	3645
597.525000	3663
597.372000	3634
597.220000	3623
597.068000	3665
596.915000	3664
596.763000	3632
596.611000	3648
596.458000	3644
596.306000	3605
596.154000	3636
596.001000	3642
595.849000	3630
595.697000	3628
595.544000	3640
595.392000	3601
595.240000	3611
595.087000	3647
594.935000	3622
594.783000	3609
594.630000	3657
594.478000	3668
594.326000	3672
594.173000	3638
594.021000	3654
593.869000	3696
593.716000	3671
593.564000	3639
593.412000	3578
593.259000	3596
593.107000	3616
592.955000	3627
592.802000	3631
592.650000	3635
592.498000	3647
592.345000	3648
592.193000	3638
592.041000	3622
591.888000	3640
591.736000	3645
591.584000	3658
591.431000	3637
591.279000	3603
591.127000	3650
590.974000	3672
590.822000	3668
590.670000	3675
590.517000	3674
590.365000	3602
590.213000	3624
590.060000	3651
589.908000	3674
589.756000	3636
589.603000	3640
589.451000	3631
589.299000	3639
589.146000	3665
588.994000	3664
588.842000	3635
588.689000	3679
588.537000	3684
588.385000	3631
588.233000	3650
588.080000	3668
587.928000	3646
587.776000	3640
587.623000	3657
587.471000	3651
587.319000	3634
587.166000	3638
587.014000	3583
586.862000	3599
586.709000	3601
586.557000	3606
586.405000	3612
586.252000	3639
586.100000	3633
585.948000	3624
585.795000	3634
585.643000	3642
585.491000	3662
585.338000	3672
585.186000	3646
585.034000	3611
584.881000	3595
584.729000	3606
584.577000	3637
584.424000	3631
584.272000	3612
584.120000	3625
583.967000	3649
583.815000	3656
583.663000	3635
583.510000	3605
583.358000	3609
583.206000	3638
583.053000	3634
582.901000	3620
582.749000	3619
582.596000	3599
582.444000	3593
582.292000	3576
582.139000	3625
581.987000	3604
581.835000	3596
581.682000	3666
581.530000	3691
581.378000	3618
581.225000	3619
581.073000	3666
580.921000	3651
580.768000	3644
580.616000	3656
580.464000	3616
580.311000	3626
580.159000	3665
580.007000	3663
579.854000	3630
579.702000	3603
579.550000	3621
579.397000	3653
579.245000	3602
579.093000	3598
578.940000	3625
578.788000	3627
578.636000	3617
578.483000	3588
578.331000	3592
578.179000	3622
578.026000	3648
577.874000	3644
577.722000	3639
577.569000	3638
577.417000	3656
577.265000	3655
577.112000	3663
576.960000	3629
576.810000	3622
576.660000	3608
576.510000	3609
576.360000	3630
576.210000	3630
576.060000	3642
575.910000	3606
575.760000	3650
575.610000	3676
575.460000	3597
575.311000	3608
575.161000	3667
575.011000	3646
574.861000	3601
574.711000	3637
574.561000	3651
574.411000	3642
574.261000	3623
574.111000	3633
573.961000	3632
573.811000	3627
573.661000	3650
573.511000	3642
573.361000	3640
573.211000	3675
573.061000	3660
572.911000	3597
572.761000	3603
572.611000	3638
572.461000	3604
572.312000	3599
572.162000	3594
572.012000	3586
571.862000	3606
571.712000	3621
571.562000	3615
571.412000	3616
571.262000	3644
571.112000	3601
570.962000	3627
570.812000	3648
570.662000	3620
570.512000	3618
570.362000	3614
570.212000	3605
570.062000	3631
569.912000	3649
569.762000	3615
569.612000	3604
569.462000	3584
569.312000	3609
569.163000	3622
569.013000	3637
568.863000	3624
568.713000	3633
568.563000	3633
568.413000	3636
568.263000	3629
568.113000	3620
567.963000	3601
567.813000	3582
567.663000	3606
567.513000	3621
567.363000	3644
567.213000	3645
567.063000	3642
566.913000	3618
566.763000	3610
566.613000	3613
566.463000	3625
566.313000	3672
566.164000	3631
566.014000	3599
565.864000	3595
565.714000	3615
565.564000	3618
565.414000	3603
565.264000	3627
565.114000	3615
564.964000	3629
564.814000	3648
564.664000	3635
564.514000	3659
564.364000	3647
564.214000	3625
564.064000	3634
563.914000	3659
563.764000	3617
563.614000	3616
563.464000	3649
563.314000	3645
563.164000	3638
563.015000	3655
562.865000	3601
562.715000	3633
562.565000	3619
562.415000	3592
562.265000	3565
562.115000	3604
561.965000	3612
561.815000	3638
561.665000	3655
561.515000	3646
561.365000	3612
561.215000	3622
561.065000	3644
560.915000	3620
560.765000	3619
560.615000	3617
560.465000	3586
560.315000	3608
560.165000	3628
560.015000	3648
559.866000	3612
559.716000	3623
559.566000	3664
559.416000	3651
559.266000	3596
559.116000	3613
558.966000	3641
558.816000	3614
558.666000	3625
558.516000	3644
558.366000	3621
558.216000	3625
558.066000	3598
557.916000	3607
557.766000	3592
557.616000	3616
557.466000	3627
557.316000	3626
557.166000	3636
557.016000	3631
556.866000	3618
556.717000	3609
556.567000	3628
556.417000	3627
556.267000	3628
556.117000	3631
555.967000	3638
555.817000	3639
555.667000	3667
555.517000	3662
555.367000	3662
555.217000	3664
555.067000	3651
554.917000	3623
554.767000	3642
554.617000	3635
554.467000	3626
554.317000	3602
554.167000	3624
554.017000	3628
553.867000	3615
553.718000	3620
553.568000	3618
553.418000	3618
553.268000	3624
553.118000	3612
552.968000	3606
552.818000	3607
552.668000	3615
552.518000	3596
552.368000	3583
552.218000	3604
552.068000	3603
551.918000	3603
551.768000	3629
551.618000	3624
551.468000	3622
551.318000	3646
551.168000	3656
551.018000	3636
550.868000	3613
550.718000	3638
550.569000	3618
550.419000	3595
550.269000	3614
550.119000	3603
549.969000	3624
549.819000	3641
549.669000	3623
549.519000	3638
549.369000	3645
549.219000	3640
549.069000	3585
548.919000	3580
548.769000	3597
548.619000	3642
548.469000	3663
548.319000	3665
548.169000	3648
548.019000	3634
547.869000	3605
547.719000	3615
547.570000	3590
547.420000	3620
547.270000	3621
547.120000	3637
546.970000	3606
546.820000	3633
546.670000	3654
546.520000	3657
546.370000	3657
546.220000	3628
546.070000	3611
545.923000	3616
545.777000	3617
545.630000	3628
545.484000	3624
545.337000	3613
545.191000	3627
545.044000	3639
544.897000	3620
544.751000	3619
544.604000	3588
544.458000	3591
544.311000	3625
544.164000	3630
544.018000	3597
543.871000	3574
543.725000	3584
543.578000	3627
543.432000	3641
543.285000	3647
543.138000	3618
542.992000	3595
542.845000	3610
542.699000	3607
542.552000	3621
542.405000	3632
542.259000	3633
542.112000	3643
541.966000	3607
541.819000	3543
541.673000	3590
541.526000	3598
541.379000	3600
541.233000	3604
541.086000	3600
540.940000	3637
540.793000	3673
540.646000	3616
540.500000	3614
540.353000	3612
540.207000	3618
540.060000	3605
539.914000	3599
539.767000	3583
539.620000	3585
539.474000	3611
539.327000	3617
539.181000	3627
539.034000	3622
538.887000	3573
538.741000	3605
538.594000	3663
538.448000	3636
538.301000	3639
538.155000	3656
538.008000	3634
537.861000	3599
537.715000	3593
537.568000	3616
537.422000	3603
537.275000	3605
537.128000	3615
536.982000	3612
536.835000	3592
536.689000	3570
536.542000	3602
536.396000	3593
536.249000	3602
536.102000	3588
535.956000	3592
535.809000	3610
535.663000	3640
535.516000	3674
535.369000	3649
535.223000	3640
535.076000	3652
534.930000	3647
534.783000	3608
534.637000	3550
534.490000	3575
534.343000	3602
534.197000	3621
534.050000	3650
533.904000	3584
533.757000	3588
533.610000	3626
533.464000	3616
533.317000	3618
533.171000	3564
533.024000	3622
532.878000	3614
532.731000	3588
532.584000	3632
532.438000	3648
532.291000	3606
532.145000	3566
531.998000	3604
531.851000	3643
531.705000	3640
531.558000	3608
531.412000	3599
531.265000	3616
531.119000	3616
530.972000	3622
530.825000	3584
530.679000	3601
530.532000	3637
530.386000	3594
530.239000	3561
530.093000	3626
529.946000	3630
529.799000	3616
529.653000	3619
529.506000	3581
529.360000	3599
529.213000	3615
529.066000	3599
528.920000	3601
528.773000	3603
528.627000	3612
528.480000	3626
528.334000	3591
528.187000	3580
528.040000	3595
527.894000	3616
527.747000	3618
527.601000	3577
527.454000	3542
527.307000	3573
527.161000	3628
527.014000	3592
526.868000	3564
526.721000	3610
526.575000	3652
526.428000	3633
526.281000	3652
526.135000	3659
525.988000	3593
525.842000	3621
525.695000	3629
525.548000	3585
525.402000	3589
525.255000	3591
525.109000	3621
524.962000	3579
524.816000	3632
524.669000	3651
524.522000	3584
524.376000	3576
524.229000	3572
524.083000	3598
523.936000	3654
523.789000	3644
523.643000	3593
523.496000	3596
523.350000	3601
523.203000	3619
523.057000	3616
522.910000	3644
522.763000	3626
522.617000	3585
522.470000	3613
522.324000	3627
522.177000	3613
522.030000	3607
521.884000	3636
521.737000	3602
521.591000	3610
521.444000	3647
521.298000	3621
521.151000	3585
521.004000	3622
520.858000	3720
520.711000	3703
520.565000	3648
520.418000	3638
520.271000	3600
520.125000	3606
519.978000	3653
519.832000	3660
519.685000	3612
519.539000	3617
519.392000	3649
519.245000	3634
519.099000	3626
518.952000	3627
518.806000	3603
518.659000	3628
518.513000	3619
518.366000	3584
518.219000	3589
518.073000	3619
517.926000	3609
517.780000	3581
517.633000	3614
517.486000	3646
517.340000	3580
517.193000	3593
517.047000	3576
516.900000	3572
516.754000	3581
516.607000	3608
516.460000	3618
516.314000	3629
516.167000	3617
516.021000	3612
515.874000	3600
515.727000	3626
515.581000	3604
515.434000	3596
515.288000	3616
515.141000	3623
514.995000	3618
514.848000	3620
514.701000	3623
514.555000	3576
514.408000	3580
514.262000	3570
514.115000	3585
513.968000	3589
513.822000	3614
513.675000	3590
513.529000	3604
513.382000	3626
513.236000	3590
513.089000	3571
512.942000	3597
512.796000	3608
512.649000	3627
512.503000	3604
512.356000	3612
512.209000	3624
512.063000	3598
511.916000	3603
511.770000	3616
511.623000	3620
511.477000	3631
511.330000	3593
511.183000	3593
511.037000	3606
510.890000	3604
510.744000	3622
510.597000	3637
510.450000	3607
510.304000	3614
510.157000	3578
510.011000	3578
509.864000	3571
509.718000	3578
509.571000	3596
509.424000	3595
509.278000	3618
509.131000	3627
508.985000	3628
508.838000	3615
508.691000	3568
508.545000	3535
508.398000	3591
508.252000	3594
508.105000	3624
507.959000	3638
507.812000	3631
507.665000	3598
507.519000	3570
507.372000	3592
507.226000	3585
507.079000	3558
506.932000	3592
506.786000	3621
506.639000	3614
506.493000	3589
506.346000	3583
506.200000	3552
506.053000	3571
505.906000	3552
505.760000	3563
505.613000	3589
505.467000	3569
505.320000	3536
505.173000	3580
505.027000	3601
504.880000	3601
504.734000	3626
504.587000	3582
504.441000	3566
504.294000	3565
504.147000	3587
504.001000	3580
503.854000	3548
503.708000	3578
503.561000	3603
503.415000	3584
503.268000	3583
503.121000	3594
502.975000	3588
502.828000	3603
502.682000	3579
502.535000	3551
502.388000	3568
502.242000	3611
502.095000	3639
501.949000	3644
501.802000	3593
501.656000	3547
501.509000	3556
501.362000	3568
501.216000	3615
501.069000	3588
500.923000	3566
500.776000	3567
500.629000	3577
500.483000	3573
500.336000	3577
500.190000	3571
500.043000	3598
499.897000	3588
499.750000	3593
499.603000	3616
499.457000	3577
499.310000	3579
499.164000	3573
499.017000	3555
498.870000	3565
498.724000	3601
498.577000	3612
498.431000	3583
498.284000	3552
498.138000	3559
497.991000	3556
497.844000	3573
497.698000	3546
497.551000	3593
497.405000	3623
497.258000	3592
497.111000	3587
496.965000	3541
496.818000	3584
496.672000	3638
496.525000	3585
496.379000	3587
496.232000	3602
496.085000	3596
495.939000	3592
495.792000	3570
495.646000	3599
495.499000	3569
495.352000	3554
495.206000	3554
495.059000	3573
494.913000	3575
494.766000	3571
494.620000	3562
494.473000	3568
494.326000	3588
494.180000	3595
494.033000	3569
493.887000	3546
493.740000	3549
493.593000	3597
493.447000	3617
493.300000	3594
493.154000	3566
493.007000	3532
492.861000	3522
492.714000	3508
492.567000	3557
492.421000	3585
492.274000	3596
492.128000	3563
491.981000	3562
491.834000	3583
491.688000	3577
491.541000	3569
491.395000	3569
491.248000	3557
491.102000	3569
490.955000	3584
490.808000	3564
490.662000	3577
490.515000	3574
490.369000	3580
490.222000	3579
490.076000	3530
489.929000	3528
489.782000	3541
489.636000	3548
489.489000	3551
489.343000	3584
489.196000	3603
489.049000	3567
488.903000	3574
488.756000	3592
488.610000	3566
488.463000	3553
488.317000	3560
488.170000	3571
488.023000	3559
487.877000	3563
487.730000	3581
487.584000	3572
487.437000	3578
487.290000	3560
487.144000	3564
486.997000	3560
486.851000	3516
486.704000	3559
486.558000	3586
486.411000	3538
486.264000	3539
486.118000	3538
485.971000	3583
485.825000	3552
485.678000	3498
485.531000	3476
485.385000	3554
485.238000	3551
485.092000	3529
484.945000	3566
484.799000	3557
484.652000	3564
484.505000	3540
484.359000	3520
484.212000	3553
484.066000	3596
483.919000	3561
483.772000	3555
483.626000	3573
483.479000	3567
483.333000	3600
483.186000	3588
483.040000	3566
482.893000	3535
482.746000	3537
482.600000	3564
482.453000	3570
482.307000	3547
482.160000	3528
482.013000	3538
481.867000	3565
481.720000	3566
481.574000	3549
481.427000	3550
481.281000	3534
481.134000	3518
480.987000	3538
480.841000	3531
480.694000	3529
480.548000	3573
480.401000	3566
480.254000	3536
480.108000	3538
479.961000	3508
479.815000	3519
479.668000	3550
479.522000	3542
479.375000	3565
479.228000	3540
479.082000	3543
478.935000	3569
478.789000	3592
478.642000	3523
478.495000	3531
478.349000	3549
478.202000	3567
478.056000	3562
477.909000	3543
477.763000	3564
477.616000	3575
477.469000	3549
477.323000	3537
477.176000	3519
477.030000	3518
476.883000	3574
476.736000	3588
476.590000	3560
476.443000	3559
476.297000	3573
476.150000	3585
476.004000	3600
475.857000	3588
475.710000	3549
475.564000	3570
475.417000	3586
475.271000	3587
475.124000	3566
474.978000	3549
474.831000	3557
474.684000	3591
474.538000	3595
474.391000	3557
474.245000	3527
474.098000	3540
473.951000	3566
473.805000	3593
473.658000	3588
473.512000	3575
473.365000	3609
473.219000	3581
473.072000	3596
472.925000	3561
472.779000	3529
472.632000	3501
472.486000	3544
472.339000	3603
472.192000	3625
472.046000	3610
471.899000	3619
471.753000	3611
471.606000	3556
471.460000	3545
471.313000	3574
471.166000	3566
471.020000	3557
470.873000	3566
470.727000	3592
470.580000	3594
470.433000	3590
470.287000	3612
470.140000	3626
469.994000	3586
469.847000	3592
469.701000	3605
469.554000	3621
469.407000	3611
469.261000	3601
469.114000	3586
468.968000	3614
468.821000	3642
468.674000	3576
468.528000	3532
468.381000	3535
468.235000	3558
468.088000	3574
467.942000	3566
467.795000	3595
467.648000	3575
467.502000	3567
467.355000	3601
467.209000	3608
467.062000	3584
466.915000	3572
466.769000	3561
466.622000	3553
466.476000	3583
466.329000	3600
466.183000	3626
466.036000	3576
465.889000	3585
465.743000	3586
465.596000	3543
465.450000	3587
465.303000	3626
465.156000	3616
465.010000	3616
464.863000	3644
464.717000	3608
464.570000	3578
464.424000	3602
464.277000	3556
464.130000	3566
463.984000	3579
463.837000	3609
463.691000	3604
463.544000	3628
463.397000	3606
463.251000	3628
463.104000	3651
462.958000	3638
462.811000	3580
462.665000	3624
462.518000	3608
462.371000	3622
462.225000	3592
462.078000	3603
461.932000	3648
461.785000	3664
461.639000	3667
461.492000	3660
461.345000	3635
461.199000	3620
461.052000	3622
460.906000	3623
460.759000	3609
460.612000	3639
460.466000	3644
460.319000	3644
460.173000	3647
460.026000	3645
459.880000	3650
459.733000	3645
459.586000	3645
459.440000	3666
459.293000	3632
459.147000	3627
459.000000	3660
458.853000	3654
458.707000	3639
458.560000	3623
458.414000	3661
458.267000	3684
458.121000	3679
457.974000	3678
457.827000	3671
457.681000	3687
457.534000	3648
457.388000	3652
457.241000	3655
457.094000	3624
456.948000	3640
456.801000	3674
456.655000	3699
456.508000	3710
456.362000	3713
456.215000	3713
456.068000	3696
455.922000	3672
455.775000	3651
455.629000	3619
455.482000	3671
455.335000	3676
455.189000	3652
455.042000	3667
454.896000	3716
454.749000	3705
454.603000	3680
454.456000	3667
454.309000	3703
454.163000	3667
454.016000	3680
453.870000	3712
453.723000	3704
453.576000	3685
453.430000	3665
453.283000	3672
453.137000	3714
452.990000	3748
452.844000	3703
452.697000	3662
452.550000	3668
452.404000	3683
452.257000	3654
452.111000	3666
451.964000	3694
451.817000	3705
451.671000	3689
451.524000	3671
451.378000	3650
451.231000	3641
451.085000	3668
450.938000	3655
450.791000	3647
450.645000	3657
450.498000	3646
450.352000	3684
450.205000	3677
450.058000	3661
449.912000	3647
449.765000	3662
449.619000	3657
449.472000	3679
449.326000	3649
449.179000	3646
449.032000	3701
448.886000	3705
448.739000	3669
448.593000	3644
448.446000	3616
448.300000	3632
448.153000	3627
448.006000	3682
447.860000	3636
447.713000	3625
447.567000	3663
447.420000	3687
447.273000	3664
447.127000	3649
446.980000	3593
446.834000	3616
446.687000	3620
446.541000	3631
446.394000	3628
446.247000	3602
446.101000	3612
445.954000	3638
445.808000	3621
445.661000	3578
445.514000	3564
445.368000	3642
445.221000	3653
445.075000	3645
444.928000	3595
444.782000	3592
444.635000	3620
444.488000	3642
444.342000	3616
444.195000	3564
444.049000	3554
443.902000	3560
443.755000	3597
443.609000	3600
443.462000	3604
443.316000	3616
443.169000	3604
443.023000	3625
442.876000	3620
442.729000	3558
442.583000	3578
442.436000	3584
442.290000	3574
442.143000	3569
441.996000	3581
441.850000	3581
441.703000	3521
441.557000	3527
441.410000	3570
441.264000	3560
441.117000	3579
440.970000	3546
440.824000	3557
440.677000	3580
440.531000	3588
440.384000	3582
440.237000	3588
440.091000	3586
439.944000	3573
439.798000	3550
439.651000	3542
439.505000	3555
439.358000	3577
439.211000	3558
439.065000	3572
438.918000	3589
438.772000	3566
438.625000	3544
438.478000	3572
438.332000	3566
438.185000	3518
438.039000	3512
437.892000	3512
437.746000	3535
437.599000	3547
437.452000	3550
437.306000	3548
437.159000	3567
437.013000	3534
436.866000	3521
436.719000	3578
436.573000	3546
436.426000	3544
436.280000	3578
436.133000	3569
435.987000	3562
435.840000	3577
435.697000	3606
435.554000	3605
435.411000	3563
435.268000	3528
435.125000	3527
434.982000	3536
434.839000	3545
434.696000	3544
434.553000	3532
434.410000	3530
434.267000	3532
434.124000	3510
433.981000	3532
433.838000	3526
433.695000	3557
433.552000	3526
433.409000	3512
433.265000	3544
433.122000	3556
432.979000	3560
432.836000	3554
432.693000	3540
432.550000	3553
432.407000	3539
432.264000	3521
432.121000	3538
431.978000	3536
431.835000	3512
431.692000	3524
431.549000	3539
431.406000	3543
431.263000	3519
431.120000	3524
430.977000	3568
430.834000	3549
430.691000	3525
430.548000	3524
430.405000	3534
430.262000	3564
430.119000	3573
429.976000	3536
429.833000	3527
429.690000	3531
429.547000	3528
429.404000	3553
429.261000	3594
429.118000	3569
428.975000	3519
428.832000	3530
428.689000	3532
428.546000	3494
428.403000	3477
428.260000	3504
428.117000	3528
427.973000	3550
427.830000	3542
427.687000	3531
427.544000	3531
427.401000	3561
427.258000	3557
427.115000	3496
426.972000	3506
426.829000	3534
426.686000	3544
426.543000	3522
426.400000	3488
426.257000	3517
426.114000	3543
425.971000	3540
425.828000	3515
425.685000	3512
425.542000	3521
425.399000	3504
425.256000	3465
425.113000	3502
424.970000	3522
424.827000	3497
424.684000	3505
424.541000	3531
424.398000	3521
424.255000	3491
424.112000	3478
423.969000	3499
423.826000	3526
423.683000	3558
423.540000	3539
423.397000	3539
423.254000	3534
423.111000	3478
422.968000	3472
422.825000	3496
422.681000	3512
422.538000	3526
422.395000	3496
422.252000	3514
422.109000	3516
421.966000	3514
421.823000	3539
421.680000	3553
421.537000	3516
421.394000	3503
421.251000	3498
421.108000	3476
420.965000	3478
420.822000	3530
420.679000	3523
420.536000	3514
420.393000	3490
420.250000	3528
420.107000	3539
419.964000	3502
419.821000	3497
419.678000	3535
419.535000	3553
419.392000	3520
419.249000	3483
419.106000	3513
418.963000	3516
418.820000	3524
418.677000	3473
418.534000	3513
418.391000	3515
418.248000	3470
418.105000	3467
417.962000	3464
417.819000	3508
417.676000	3503
417.532000	3475
417.389000	3496
417.246000	3535
417.103000	3546
416.960000	3533
416.817000	3521
416.674000	3507
416.531000	3509
416.388000	3523
416.245000	3528
416.102000	3516
415.959000	3477
415.816000	3493
415.673000	3483
415.530000	3492
415.387000	3498
415.244000	3505
415.101000	3512
414.958000	3513
414.815000	3512
414.672000	3529
414.529000	3508
414.386000	3501
414.243000	3489
414.100000	3480
413.957000	3475
413.814000	3498
413.671000	3501
413.528000	3502
413.385000	3509
413.242000	3528
413.099000	3483
412.956000	3491
412.813000	3499
412.670000	3522
412.527000	3495
412.383000	3485
412.240000	3495
412.097000	3502
411.954000	3530
411.811000	3513
411.668000	3459
411.525000	3468
411.382000	3479
411.239000	3497
411.096000	3504
410.953000	3521
410.810000	3521
410.667000	3524
410.524000	3531
410.381000	3512
410.238000	3509
410.095000	3501
409.952000	3499
409.809000	3504
409.666000	3516
409.523000	3500
409.380000	3500
409.237000	3513
409.094000	3501
408.951000	3477
408.808000	3464
408.665000	3451
408.522000	3479
408.379000	3514
408.236000	3503
408.093000	3461
407.950000	3424
407.807000	3477
407.664000	3527
407.521000	3485
407.378000	3507
407.235000	3518
407.091000	3496
406.948000	3480
406.805000	3460
406.662000	3442
406.519000	3506
406.376000	3530
406.233000	3497
406.090000	3490
405.947000	3499
405.804000	3490
405.661000	3519
405.518000	3511
405.375000	3516
405.232000	3518
405.089000	3493
404.946000	3472
404.803000	3482
404.660000	3488
404.521000	3486
404.382000	3464
404.243000	3480
404.104000	3525
403.965000	3531
403.826000	3530
403.687000	3499
403.549000	3497
403.410000	3475
403.271000	3464
403.132000	3475
402.993000	3496
402.854000	3502
402.715000	3503
402.576000	3511
402.437000	3493
402.298000	3489
402.159000	3516
402.020000	3488
401.881000	3511
401.742000	3480
401.603000	3493
401.464000	3507
401.326000	3528
401.187000	3507
401.048000	3523
400.909000	3489
400.770000	3510
400.631000	3497
400.492000	3486
400.353000	3479
400.214000	3470
400.075000	3474
399.936000	3526
399.797000	3540
399.658000	3549
399.519000	3520
399.380000	3532
399.241000	3495
399.103000	3483
398.964000	3491
398.825000	3522
398.686000	3514
398.547000	3524
398.408000	3495
398.269000	3508
398.130000	3535
397.991000	3529
397.852000	3512
397.713000	3482
397.574000	3504
397.435000	3499
397.296000	3505
397.157000	3523
397.019000	3509
396.880000	3523
396.741000	3522
396.602000	3500
396.463000	3505
396.324000	3527
396.185000	3495
396.046000	3495
395.907000	3493
395.768000	3507
395.629000	3499
395.490000	3500
395.351000	3514
395.212000	3475
395.073000	3508
394.934000	3519
394.796000	3510
394.657000	3493
394.518000	3453
394.379000	3468
394.240000	3484
394.101000	3492
393.962000	3532
393.823000	3497
393.684000	3507
393.545000	3477
393.406000	3470
393.267000	3463
393.128000	3466
392.989000	3485
392.850000	3494
392.711000	3511
392.573000	3531
392.434000	3506
392.295000	3515
392.156000	3538
392.017000	3478
391.878000	3471
391.739000	3486
391.600000	3491
391.461000	3508
391.322000	3469
391.183000	3457
391.044000	3482
390.905000	3529
390.766000	3510
390.627000	3539
390.489000	3520
390.350000	3481
390.211000	3495
390.072000	3523
389.933000	3513
389.794000	3490
389.655000	3508
389.516000	3529
389.377000	3534
389.238000	3510
389.099000	3510
388.960000	3505
388.821000	3508
388.682000	3516
388.543000	3494
388.404000	3467
388.266000	3475
388.127000	3497
387.988000	3496
387.849000	3468
387.710000	3480
387.571000	3460
387.432000	3497
387.293000	3509
387.154000	3488
387.015000	3466
386.876000	3472
386.737000	3492
386.598000	3486
386.459000	3493
386.320000	3499
386.181000	3507
386.043000	3502
385.904000	3492
385.765000	3480
385.626000	3479
385.487000	3515
385.348000	3528
385.209000	3507
385.070000	3501
384.931000	3527
384.792000	3520
384.653000	3528
384.514000	3513
384.375000	3513
384.236000	3502
384.097000	3485
383.959000	3478
383.820000	3511
383.681000	3528
383.542000	3485
383.403000	3519
383.264000	3561
383.125000	3500
382.986000	3462
382.847000	3460
382.708000	3500
382.569000	3528
382.430000	3503
382.291000	3505
382.152000	3542
382.013000	3537
381.874000	3503
381.736000	3458
381.597000	3443
381.458000	3451
381.319000	3453
381.180000	3444
381.041000	3474
380.902000	3495
380.763000	3499
380.624000	3498
380.485000	3505
380.346000	3534
380.207000	3515
380.068000	3502
379.929000	3519
379.790000	3481
379.651000	3476
379.513000	3489
379.374000	3466
379.235000	3483
379.096000	3483
378.957000	3461
378.818000	3435
378.679000	3465
378.540000	3518
378.401000	3544
378.262000	3520
378.123000	3537
377.984000	3508
377.845000	3491
377.706000	3473
377.567000	3478
377.429000	3483
377.290000	3508
377.151000	3484
377.012000	3450
376.873000	3488
376.734000	3510
376.595000	3512
376.456000	3513
376.317000	3503
376.178000	3488
376.039000	3495
375.900000	3491
375.761000	3476
375.622000	3484
375.483000	3507
375.344000	3493
375.206000	3479
375.067000	3503
374.928000	3511
374.789000	3477
374.650000	3441
374.511000	3423
374.372000	3470
374.233000	3506
374.094000	3501
373.955000	3493
373.816000	3487
373.677000	3481
373.538000	3505
373.399000	3500
373.260000	3511
373.121000	3523
372.983000	3523
372.844000	3464
372.705000	3471
372.566000	3489
372.427000	3496
372.288000	3487
372.149000	3504
372.010000	3474
371.871000	3475
371.732000	3482
371.593000	3464
371.454000	3482
371.315000	3476
371.176000	3517
371.037000	3515
370.899000	3513
370.760000	3504
370.621000	3475
370.482000	3480
370.343000	3474
370.204000	3500
370.065000	3505
369.926000	3501
369.787000	3499
369.648000	3518
369.509000	3510
369.370000	3488
369.231000	3485
369.092000	3479
368.953000	3498
368.814000	3514
368.676000	3476
368.537000	3466
368.398000	3512
368.259000	3501
368.120000	3486
367.981000	3473
367.842000	3470
367.703000	3456
367.564000	3475
367.425000	3535
367.286000	3510
367.147000	3476
367.008000	3512
366.869000	3541
366.730000	3498
366.591000	3449
366.453000	3465
366.314000	3467
366.175000	3472
366.036000	3496
365.897000	3504
365.758000	3508
365.619000	3506
365.480000	3502
365.342000	3514
365.203000	3501
365.065000	3532
364.926000	3530
364.788000	3453
364.650000	3433
364.511000	3469
364.373000	3466
364.235000	3496
364.096000	3544
363.958000	3547
363.819000	3516
363.681000	3489
363.543000	3491
363.404000	3520
363.266000	3543
363.127000	3471
362.989000	3495
362.851000	3526
362.712000	3501
362.574000	3488
362.435000	3526
362.297000	3497
362.159000	3477
362.020000	3480
361.882000	3552
361.744000	3531
361.605000	3478
361.467000	3485
361.328000	3458
361.190000	3471
361.052000	3523
360.913000	3490
360.775000	3493
360.636000	3516
360.498000	3509
360.360000	3508
360.221000	3495
360.083000	3498
359.945000	3539
359.806000	3537
359.668000	3505
359.529000	3523
359.391000	3547
359.253000	3540
359.114000	3535
358.976000	3535
358.837000	3500
358.699000	3539
358.561000	3500
358.422000	3460
358.284000	3507
358.146000	3484
358.007000	3508
357.869000	3489
357.730000	3459
357.592000	3484
357.454000	3512
357.315000	3518
357.177000	3493
357.038000	3478
356.900000	3479
356.762000	3514
356.623000	3521
356.485000	3488
356.347000	3515
356.208000	3539
356.070000	3528
355.931000	3509
355.793000	3466
355.655000	3464
355.516000	3526
355.378000	3499
355.239000	3515
355.101000	3529
354.963000	3506
354.824000	3496
354.686000	3518
354.547000	3528
354.409000	3500
354.271000	3487
354.132000	3484
353.994000	3498
353.856000	3496
353.717000	3500
353.579000	3499
353.440000	3549
353.302000	3559
353.164000	3526
353.025000	3458
352.887000	3479
352.748000	3499
352.610000	3515
352.472000	3520
352.333000	3525
352.195000	3518
352.057000	3494
351.918000	3523
351.780000	3519
351.641000	3502
351.503000	3500
351.365000	3491
351.226000	3490
351.088000	3508
350.949000	3484
350.811000	3507
350.673000	3476
350.534000	3477
350.396000	3499
350.258000	3492
350.119000	3514
349.981000	3511
349.842000	3475
349.704000	3505
349.566000	3496
349.427000	3498
349.289000	3515
349.150000	3504
349.012000	3486
348.874000	3476
348.735000	3480
348.597000	3476
348.458000	3482
348.320000	3501
348.182000	3542
348.043000	3546
347.905000	3500
347.767000	3486
347.628000	3456
347.490000	3471
347.351000	3493
347.213000	3516
347.075000	3504
346.936000	3506
346.798000	3511
346.659000	3545
346.521000	3530
346.383000	3524
346.244000	3501
346.106000	3474
345.968000	3468
345.829000	3472
345.691000	3490
345.552000	3523
345.414000	3538
345.276000	3517
345.137000	3507
344.999000	3507
344.860000	3462
344.722000	3465
344.584000	3460
344.445000	3499
344.307000	3535
344.169000	3537
344.030000	3519
343.892000	3497
343.753000	3529
343.615000	3543
343.477000	3507
343.338000	3518
343.200000	3508
343.061000	3517
342.923000	3578
342.785000	3559
342.646000	3534
342.508000	3548
342.370000	3537
342.231000	3500
342.093000	3473
341.954000	3491
341.816000	3507
341.678000	3494
341.539000	3521
341.401000	3555
341.262000	3512
341.124000	3489
340.986000	3501
340.847000	3481
340.709000	3480
340.570000	3512
340.432000	3495
340.294000	3474
340.155000	3484
340.017000	3501
339.879000	3505
339.740000	3503
339.602000	3490
339.463000	3484
339.325000	3490
339.187000	3456
339.048000	3458
338.910000	3462
338.771000	3480
338.633000	3486
338.495000	3509
338.356000	3493
338.218000	3475
338.080000	3468
337.941000	3483
337.803000	3480
337.664000	3475
337.526000	3490
337.388000	3521
337.249000	3517
337.111000	3505
336.972000	3521
336.834000	3539
336.696000	3529
336.557000	3495
336.419000	3487
336.281000	3523
336.142000	3508
336.004000	3473
335.865000	3486
335.727000	3509
335.589000	3526
335.450000	3468
335.312000	3474
335.173000	3439
335.035000	3446
334.897000	3495
334.758000	3496
334.620000	3480
334.481000	3500
334.343000	3521
334.205000	3510
334.066000	3448
333.928000	3478
333.790000	3462
333.651000	3466
333.513000	3502
333.374000	3488
333.236000	3494
333.098000	3493
332.959000	3503
332.821000	3469
332.682000	3440
332.544000	3485
332.406000	3462
332.267000	3480
332.129000	3516
331.991000	3512
331.852000	3484
331.714000	3513
331.575000	3520
331.437000	3495
331.299000	3435
331.160000	3451
331.022000	3467
330.883000	3454
330.745000	3450
330.607000	3486
330.468000	3505
330.330000	3534
330.192000	3507
330.053000	3510
329.915000	3532
329.776000	3495
329.638000	3477
329.500000	3486
329.361000	3535
329.223000	3518
329.084000	3493
328.946000	3494
328.808000	3514
328.669000	3473
328.531000	3462
328.392000	3466
328.254000	3481
328.116000	3512
327.977000	3475
327.839000	3486
327.701000	3516
327.562000	3488
327.424000	3533
327.285000	3505
327.147000	3459
327.009000	3459
326.870000	3477
326.732000	3531
326.593000	3502
326.455000	3510
326.317000	3512
326.178000	3481
326.040000	3468
325.902000	3444
325.763000	3491
325.625000	3503
325.486000	3490
325.348000	3509
325.210000	3509
325.071000	3495
324.933000	3482
324.794000	3503
324.656000	3475
324.518000	3445
324.379000	3486
324.241000	3492
324.103000	3459
323.964000	3485
323.826000	3498
323.687000	3514
323.549000	3507
323.411000	3551
323.272000	3529
323.134000	3487
322.995000	3520
322.857000	3532
322.719000	3515
322.580000	3486
322.442000	3471
322.303000	3479
322.165000	3459
322.027000	3478
321.888000	3497
321.750000	3492
321.612000	3492
321.473000	3515
321.335000	3547
321.196000	3537
321.058000	3501
320.920000	3488
320.781000	3540
320.643000	3500
320.504000	3454
320.366000	3482
320.228000	3490
320.089000	3454
319.951000	3443
319.813000	3479
319.674000	3491
319.536000	3506
319.397000	3513
319.259000	3514
319.121000	3496
318.982000	3481
318.844000	3478
318.705000	3492
318.567000	3508
318.429000	3511
318.290000	3498
318.152000	3514
318.014000	3500
317.875000	3491
317.737000	3484
317.598000	3531
317.460000	3528
317.322000	3503
317.183000	3504
317.045000	3530
316.906000	3498
316.768000	3497
316.630000	3528
316.491000	3510
316.353000	3486
316.214000	3485
316.076000	3493
315.938000	3485
315.799000	3482
315.661000	3546
315.523000	3558
315.384000	3538
315.246000	3505
315.107000	3443
314.969000	3457
314.831000	3446
314.692000	3464
314.554000	3484
314.415000	3465
314.277000	3494
314.139000	3469
314.000000	3476
313.862000	3488
313.724000	3469
313.585000	3470
313.447000	3468
313.308000	3438
313.170000	3448
313.036000	3459
312.902000	3473
312.768000	3503
312.634000	3510
312.500000	3485
312.366000	3430
312.232000	3421
312.098000	3494
311.964000	3523
311.829000	3495
311.695000	3507
311.561000	3507
311.427000	3513
311.293000	3520
311.159000	3511
311.025000	3468
310.891000	3517
310.757000	3476
310.623000	3470
310.489000	3513
310.355000	3517
310.221000	3486
310.087000	3494
309.953000	3499
309.819000	3477
309.685000	3484
309.551000	3490
309.416000	3496
309.282000	3513
309.148000	3540
309.014000	3530
308.880000	3508
308.746000	3494
308.612000	3478
308.478000	3476
308.344000	3489
308.210000	3494
308.076000	3495
307.942000	3472
307.808000	3492
307.674000	3513
307.540000	3507
307.406000	3489
307.272000	3540
307.138000	3525
307.004000	3515
306.869000	3484
306.735000	3500
306.601000	3524
306.467000	3520
306.333000	3526
306.199000	3503
306.065000	3498
305.931000	3479
305.797000	3416
305.663000	3473
305.529000	3488
305.395000	3484
305.261000	3503
305.127000	3517
304.993000	3492
304.859000	3475
304.725000	3501
304.591000	3491
304.456000	3482
304.322000	3455
304.188000	3455
304.054000	3486
303.920000	3499
303.786000	3489
303.652000	3507
303.518000	3518
303.384000	3534
303.250000	3495
303.116000	3511
302.982000	3540
302.848000	3534
302.714000	3512
302.580000	3488
302.446000	3484
302.312000	3474
302.178000	3458
302.044000	3484
301.909000	3479
301.775000	3467
301.641000	3461
301.507000	3432
301.373000	3482
301.239000	3543
301.105000	3542
300.971000	3534
300.837000	3525
300.703000	3503
300.569000	3480
300.435000	3497
300.301000	3484
300.167000	3487
300.033000	3503
299.899000	3499
299.765000	3499
299.631000	3492
299.496000	3468
299.362000	3489
299.228000	3487
299.094000	3469
298.960000	3490
298.826000	3522
298.692000	3496
298.558000	3525
298.424000	3553
298.290000	3559
298.156000	3532
298.022000	3500
297.888000	3483
297.754000	3491
297.620000	3489
297.486000	3503
297.352000	3492
297.218000	3490
297.084000	3511
296.949000	3519
296.815000	3511
296.681000	3487
296.547000	3465
296.413000	3488
296.279000	3522
296.145000	3474
296.011000	3472
295.877000	3500
295.743000	3523
295.609000	3586
295.475000	3517
295.341000	3502
295.207000	3500
295.073000	3493
294.939000	3524
294.805000	3490
294.671000	3442
294.536000	3497
294.402000	3503
294.268000	3479
294.134000	3511
294.000000	3470
293.866000	3505
293.732000	3502
293.598000	3538
293.464000	3542
293.330000	3513
293.196000	3517
293.062000	3515
292.928000	3485
292.794000	3468
292.660000	3461
292.526000	3485
292.392000	3492
292.258000	3481
292.124000	3489
291.989000	3498
291.855000	3517
291.721000	3517
291.587000	3487
291.453000	3479
291.319000	3461
291.185000	3431
291.051000	3445
290.917000	3513
290.783000	3527
290.649000	3510
290.515000	3523
290.381000	3545
290.247000	3500
290.113000	3465
289.979000	3494
289.845000	3465
289.711000	3490
289.576000	3493
289.442000	3474
289.308000	3471
289.174000	3491
289.040000	3481
288.906000	3494
288.772000	3478
288.638000	3499
288.504000	3509
288.370000	3509
288.236000	3518
288.102000	3517
287.968000	3495
287.834000	3535
287.700000	3544
287.566000	3508
287.432000	3477
287.298000	3507
287.164000	3501
287.029000	3494
286.895000	3524
286.761000	3522
286.627000	3504
286.493000	3512
286.359000	3500
286.225000	3480
286.091000	3468
285.957000	3476
285.823000	3482
285.689000	3473
285.555000	3497
285.421000	3502
285.287000	3502
285.153000	3483
285.019000	3463
284.885000	3449
284.751000	3455
284.616000	3476
284.482000	3483
284.348000	3484
284.214000	3511
284.080000	3495
283.946000	3482
283.812000	3496
283.678000	3498
283.544000	3475
283.410000	3481
283.276000	3514
283.142000	3502
283.008000	3502
282.874000	3514
282.740000	3545
282.606000	3559
282.472000	3503
282.338000	3490
282.204000	3494
282.069000	3514
281.935000	3515
281.801000	3523
281.667000	3501
281.533000	3491
281.399000	3495
281.265000	3495
281.131000	3468
280.997000	3470
280.863000	3488
280.729000	3520
280.595000	3498
280.461000	3464
280.327000	3465
280.193000	3503
280.059000	3495
279.925000	3495
279.791000	3514
279.656000	3518
279.522000	3459
279.388000	3488
279.254000	3477
279.120000	3473
278.986000	3513
278.852000	3524
278.718000	3509
278.584000	3495
278.450000	3494
278.316000	3507
278.182000	3484
278.048000	3474
277.914000	3518
277.780000	3499
277.646000	3496
277.512000	3509
277.378000	3520
277.244000	3518
277.109000	3493
276.975000	3511
276.841000	3510
276.707000	3515
276.573000	3494
276.439000	3500
276.305000	3497
276.171000	3484
276.037000	3535
275.903000	3554
275.769000	3540
275.635000	3523
275.501000	3482
275.367000	3458
275.233000	3478
275.099000	3478
274.965000	3488
274.831000	3484
274.696000	3504
274.562000	3521
274.428000	3515
274.294000	3478
274.160000	3480
274.026000	3495
273.892000	3475
273.758000	3512
273.624000	3510
273.490000	3499
273.356000	3503
273.222000	3482
273.088000	3490
272.954000	3459
272.820000	3453
272.686000	3493
272.552000	3533
272.418000	3541
272.284000	3482
272.149000	3487
272.015000	3525
271.881000	3514
271.747000	3528
271.613000	3500
271.479000	3506
271.345000	3515
271.211000	3465
271.077000	3457
270.943000	3462
270.809000	3502
270.675000	3536
270.541000	3526
270.407000	3456
270.273000	3470
270.139000	3484
270.005000	3491
269.871000	3480
269.736000	3489
269.602000	3527
269.468000	3523
269.334000	3496
269.200000	3513
269.066000	3462
268.932000	3504
268.798000	3531
268.664000	3491
268.530000	3495
268.396000	3509
268.262000	3498
268.128000	3503
267.994000	3511
267.860000	3507
267.726000	3480
267.592000	3480
267.458000	3472
267.324000	3481
267.189000	3485
267.055000	3511
266.921000	3521
266.787000	3523
266.653000	3520
266.519000	3529
266.385000	3507
266.251000	3489
266.117000	3481
265.983000	3507
265.849000	3503
265.715000	3468
265.581000	3497
265.447000	3530
265.313000	3508
265.179000	3476
265.045000	3505
264.911000	3494
264.776000	3452
264.642000	3443
264.508000	3460
264.374000	3495
264.240000	3507
264.106000	3485
263.972000	3490
263.838000	3474
263.704000	3481
263.570000	3516
263.436000	3500
263.302000	3500
263.168000	3518
263.034000	3532
262.900000	3521
262.766000	3495
262.632000	3512
262.498000	3490
262.364000	3501
262.229000	3520
262.095000	3496
261.961000	3481
261.827000	3507
261.693000	3521
261.559000	3507
261.425000	3500
261.291000	3502
261.157000	3469
261.023000	3457
260.889000	3480
260.755000	3510
260.621000	3473
260.487000	3474
260.353000	3518
260.219000	3509
260.085000	3519
259.951000	3527
259.816000	3478
259.682000	3475
259.548000	3496
259.414000	3526
259.280000	3512
259.146000	3505
259.012000	3476
258.878000	3481
258.744000	3516
258.610000	3525
258.476000	3499
258.342000	3503
258.208000	3453
258.074000	3488
257.940000	3540
257.806000	3513
257.672000	3477
257.538000	3460
257.404000	3475
257.269000	3459
257.135000	3463
257.001000	3456
256.867000	3473
256.733000	3507
256.599000	3500
256.465000	3495
256.331000	3483
256.197000	3466
256.063000	3499
255.929000	3507
255.795000	3507
255.661000	3457
255.527000	3454
255.393000	3483
255.259000	3508
255.125000	3500
254.991000	3522
254.856000	3532
254.722000	3544
254.588000	3496
254.454000	3443
254.320000	3466
254.186000	3494
254.052000	3496
253.918000	3512
253.784000	3502
253.650000	3497
253.518000	3494
253.385000	3502
253.253000	3462
253.120000	3468
252.988000	3493
252.856000	3460
252.723000	3479
252.591000	3507
252.458000	3488
252.326000	3498
252.193000	3504
252.061000	3499
251.929000	3496
251.796000	3479
251.664000	3463
251.531000	3498
251.399000	3548
251.267000	3532
251.134000	3525
251.002000	3547
250.869000	3526
250.737000	3495
250.605000	3481
250.472000	3497
250.340000	3490
250.207000	3500
250.075000	3547
249.943000	3533
249.810000	3501
249.678000	3515
249.545000	3513
249.413000	3486
249.280000	3503
249.148000	3500
249.016000	3534
248.883000	3497
248.751000	3459
248.618000	3495
248.486000	3524
248.354000	3542
248.221000	3542
248.089000	3506
247.956000	3520
247.824000	3486
247.692000	3456
247.559000	3470
247.427000	3492
247.294000	3504
247.162000	3517
247.029000	3529
246.897000	3511
246.765000	3478
246.632000	3466
246.500000	3462
246.367000	3467
246.235000	3488
246.103000	3486
245.970000	3462
245.838000	3488
245.705000	3507
245.573000	3447
245.441000	3468
245.308000	3482
245.176000	3468
245.043000	3462
244.911000	3480
244.779000	3494
244.646000	3518
244.514000	3488
244.381000	3496
244.249000	3479
244.116000	3489
243.984000	3512
243.852000	3504
243.719000	3488
243.587000	3524
243.454000	3517
243.322000	3502
243.190000	3505
243.057000	3527
242.925000	3479
242.792000	3464
242.660000	3482
242.528000	3493
242.395000	3510
242.263000	3516
242.130000	3523
241.998000	3494
241.865000	3511
241.733000	3522
241.601000	3513
241.468000	3495
241.336000	3456
241.203000	3470
241.071000	3513
240.939000	3508
240.806000	3504
240.674000	3478
240.541000	3483
240.409000	3507
240.277000	3492
240.144000	3482
240.012000	3462
239.879000	3463
239.747000	3450
239.614000	3510
239.482000	3538
239.350000	3517
239.217000	3530
239.085000	3526
238.952000	3501
238.820000	3496
238.688000	3474
238.555000	3485
238.423000	3505
238.290000	3493
238.158000	3485
238.026000	3512
237.893000	3542
237.761000	3509
237.628000	3493
237.496000	3523
237.364000	3512
237.231000	3493
237.099000	3460
236.966000	3496
236.834000	3510
236.701000	3504
236.569000	3535
236.437000	3488
236.304000	3444
236.172000	3450
236.039000	3458
235.907000	3514
235.775000	3513
235.642000	3479
235.510000	3487
235.377000	3504
235.245000	3503
235.113000	3500
234.980000	3493
234.848000	3460
234.715000	3470
234.583000	3513
234.450000	3516
234.318000	3513
234.186000	3517
234.053000	3515
233.921000	3498
233.788000	3503
233.656000	3504
233.524000	3484
233.391000	3499
233.259000	3483
233.126000	3443
232.994000	3468
232.862000	3512
232.729000	3505
232.597000	3498
232.464000	3480
232.332000	3477
232.200000	3485
232.067000	3465
231.935000	3457
231.802000	3469
231.670000	3481
231.537000	3505
231.405000	3477
231.273000	3460
231.140000	3475
231.008000	3456
230.875000	3475
230.743000	3478
230.611000	3481
230.478000	3493
230.346000	3518
230.213000	3509
230.081000	3506
229.949000	3486
229.816000	3481
229.684000	3506
229.551000	3508
229.419000	3475
229.286000	3490
229.154000	3532
229.022000	3520
228.889000	3466
228.757000	3442
228.624000	3450
228.492000	3450
228.360000	3470
228.227000	3497
228.095000	3495
227.962000	3522
227.830000	3545
227.698000	3528
227.565000	3526
227.433000	3545
227.300000	3509
227.168000	3495
227.036000	3506
226.903000	3472
226.771000	3477
226.638000	3479
226.506000	3490
226.373000	3514
226.241000	3474
226.109000	3462
225.976000	3465
225.844000	3484
225.711000	3491
225.579000	3497
225.447000	3502
225.314000	3514
225.182000	3515
225.049000	3504
224.917000	3536
224.785000	3505
224.652000	3499
224.520000	3508
224.387000	3491
224.255000	3518
224.122000	3500
223.990000	3499
223.858000	3527
223.725000	3515
223.593000	3491
223.460000	3430
223.328000	3456
223.196000	3467
223.063000	3500
222.931000	3503
222.798000	3499
222.666000	3514
222.534000	3529
222.401000	3493
222.269000	3476
222.136000	3465
222.004000	3499
221.871000	3524
221.739000	3510
221.607000	3513
221.474000	3504
221.342000	3494
221.209000	3514
221.077000	3527
220.945000	3524
220.812000	3494
220.680000	3483
220.547000	3486
220.415000	3502
220.283000	3552
220.150000	3523
220.018000	3491
219.885000	3510
219.753000	3521
219.621000	3472
219.488000	3461
219.356000	3480
219.223000	3480
219.091000	3490
218.958000	3504
218.826000	3485
218.694000	3495
218.561000	3518
218.429000	3507
218.296000	3484
218.164000	3474
218.032000	3497
217.899000	3513
217.767000	3500
217.634000	3494
217.502000	3495
217.370000	3521
217.237000	3513
217.105000	3498
216.972000	3460
216.840000	3452
216.707000	3475
216.575000	3488
216.443000	3491
216.310000	3523
216.178000	3500
216.045000	3466
215.913000	3486
215.781000	3475
215.648000	3462
215.516000	3488
215.383000	3464
215.251000	3504
215.119000	3508
214.986000	3476
214.854000	3499
214.721000	3512
214.589000	3548
214.457000	3533
214.324000	3480
214.192000	3507
214.059000	3521
213.927000	3480
213.794000	3490
213.662000	3497
213.530000	3475
213.397000	3501
213.265000	3515
213.132000	3483
213.000000	3496
212.868000	3500
212.735000	3488
212.603000	3489
212.470000	3502
212.338000	3532
212.206000	3537
212.073000	3506
211.941000	3496
211.808000	3488
211.676000	3472
211.543000	3495
211.411000	3503
211.279000	3476
211.146000	3510
211.014000	3513
210.881000	3524
210.749000	3519
210.617000	3509
210.484000	3468
210.352000	3494
210.219000	3457
210.087000	3459
209.955000	3447
209.822000	3472
209.690000	3496
209.557000	3492
209.425000	3504
209.292000	3514
209.160000	3476
209.028000	3457
208.895000	3449
208.763000	3487
208.630000	3497
208.498000	3496
208.366000	3507
208.233000	3483
208.101000	3469
207.968000	3476
207.836000	3507
207.704000	3496
207.571000	3489
207.439000	3485
207.306000	3470
207.174000	3488
207.042000	3510
206.909000	3487
206.777000	3484
206.644000	3464
206.512000	3438
206.379000	3463
206.247000	3464
206.115000	3452
205.982000	3482
205.850000	3472
205.717000	3479
205.585000	3502
205.453000	3507
205.320000	3462
205.188000	3467
205.055000	3469
204.923000	3474
204.791000	3501
204.658000	3511
204.526000	3484
204.393000	3476
204.261000	3505
204.128000	3491
203.996000	3456
203.864000	3473
203.731000	3466
203.599000	3470
203.466000	3480
203.334000	3516
203.202000	3528
203.069000	3511
202.937000	3500
202.804000	3499
202.672000	3488
202.540000	3513
202.407000	3498
202.275000	3495
202.142000	3510
202.010000	3489
201.878000	3504
201.745000	3479
201.613000	3488
201.480000	3493
201.348000	3479
201.215000	3481
201.083000	3488
200.951000	3507
200.818000	3501
200.686000	3508
200.553000	3536
200.421000	3509
200.289000	3491
200.156000	3464
200.024000	3461
199.891000	3470
199.759000	3470
199.627000	3429
199.494000	3461
199.362000	3485
199.229000	3487
199.097000	3517
198.964000	3487
198.832000	3433
198.700000	3472
198.567000	3514
198.435000	3527
198.302000	3505
198.170000	3483
198.038000	3493
197.905000	3488
