wavelength_nm	intensity
721.892000	3513
721.735000	3554
721.577000	3534
721.420000	3527
721.262000	3515
721.105000	3500
720.948000	3477
720.790000	3463
720.633000	3496
720.475000	3471
720.318000	3487
720.160000	3495
720.003000	3487
719.845000	3470
719.688000	3474
719.530000	3463
719.373000	3489
719.215000	3473
719.058000	3476
718.900000	3467
718.743000	3478
718.586000	3499
718.428000	3507
718.271000	3510
718.113000	3505
717.956000	3553
717.798000	3546
717.641000	3504
717.483000	3493
717.326000	3483
717.168000	3518
717.011000	3540
716.853000	3504
716.696000	3485
716.538000	3509
716.381000	3541
716.223000	3557
716.066000	3513
715.909000	3506
715.751000	3476
715.594000	3467
715.436000	3511
715.279000	3510
715.121000	3520
714.964000	3521
714.806000	3530
714.649000	3486
714.491000	3445
714.334000	3481
714.176000	3527
714.019000	3497
713.861000	3512
713.704000	3518
713.547000	3492
713.389000	3484
713.232000	3508
713.074000	3488
712.917000	3503
712.759000	3496
712.602000	3497
712.444000	3522
712.287000	3483
712.129000	3503
711.972000	3521
711.814000	3522
711.657000	3530
711.499000	3491
711.342000	3519
711.185000	3535
711.027000	3493
710.870000	3483
710.712000	3502
710.555000	3539
710.397000	3568
710.240000	3520
710.082000	3515
709.925000	3505
709.767000	3499
709.610000	3506
709.452000	3541
709.295000	3535
709.137000	3512
708.980000	3516
708.822000	3539
708.665000	3496
708.508000	3491
708.350000	3539
708.193000	3535
708.035000	3522
707.878000	3498
707.720000	3501
707.563000	3506
707.405000	3520
707.248000	3522
707.090000	3505
706.933000	3468
706.775000	3477
706.618000	3517
706.460000	3532
706.303000	3476
706.146000	3479
705.988000	3522
705.831000	3566
705.673000	3518
705.516000	3524
705.358000	3491
705.201000	3473
705.043000	3521
704.886000	3510
704.728000	3512
704.571000	3556
704.413000	3523
704.256000	3507
704.098000	3522
703.941000	3545
703.784000	3527
703.626000	3524
703.469000	3532
703.311000	3559
703.154000	3538
702.996000	3515
702.839000	3511
702.681000	3508
702.524000	3522
702.366000	3523
702.209000	3507
702.051000	3529
701.894000	3521
701.736000	3517
701.579000	3531
701.422000	3502
701.264000	3503
701.107000	3514
700.949000	3536
700.792000	3497
700.634000	3507
700.477000	3535
700.319000	3510
700.162000	3488
700.004000	3474
699.847000	3476
699.689000	3513
699.532000	3548
699.374000	3534
699.217000	3510
699.059000	3559
698.902000	3554
698.745000	3547
698.587000	3502
698.430000	3473
698.272000	3508
698.115000	3494
697.957000	3489
697.800000	3524
697.642000	3503
697.485000	3510
697.327000	3512
697.170000	3515
697.012000	3538
696.855000	3530
696.697000	3540
696.540000	3528
696.388000	3528
696.235000	3541
696.083000	3507
695.931000	3526
695.778000	3502
695.626000	3520
695.474000	3519
695.321000	3530
695.169000	3557
695.017000	3515
694.864000	3543
694.712000	3583
694.560000	3520
694.407000	3505
694.255000	3545
694.103000	3545
693.950000	3521
693.798000	3536
693.646000	3525
693.493000	3546
693.341000	3555
693.189000	3537
693.036000	3557
692.884000	3550
692.732000	3504
692.579000	3505
692.427000	3508
692.275000	3512
692.122000	3503
691.970000	3533
691.818000	3554
691.665000	3511
691.513000	3526
691.361000	3511
691.208000	3540
691.056000	3508
690.904000	3485
690.751000	3529
690.599000	3550
690.447000	3549
690.294000	3530
690.142000	3542
689.990000	3532
689.837000	3528
689.685000	3540
689.533000	3547
689.380000	3552
689.228000	3549
689.076000	3528
688.923000	3525
688.771000	3535
688.619000	3523
688.466000	3521
688.314000	3519
688.162000	3523
688.009000	3545
687.857000	3543
687.705000	3540
687.552000	3522
687.400000	3511
687.248000	3513
687.095000	3493
686.943000	3493
686.791000	3515
686.638000	3534
686.486000	3566
686.334000	3553
686.181000	3524
686.029000	3558
685.877000	3541
685.724000	3515
685.572000	3519
685.420000	3509
685.267000	3521
685.115000	3535
684.963000	3556
684.811000	3586
684.658000	3568
684.506000	3562
684.354000	3564
684.201000	3548
684.049000	3530
683.897000	3529
683.744000	3548
683.592000	3538
683.440000	3557
683.287000	3541
683.135000	3537
682.983000	3565
682.830000	3587
682.678000	3538
682.526000	3507
682.373000	3520
682.221000	3555
682.069000	3566
681.916000	3555
681.764000	3580
681.612000	3578
681.459000	3529
681.307000	3528
681.155000	3541
681.002000	3522
680.850000	3512
680.698000	3563
680.545000	3583
680.393000	3576
680.241000	3576
680.088000	3570
679.936000	3560
679.784000	3549
679.631000	3522
679.479000	3530
679.327000	3563
679.174000	3575
679.022000	3544
678.870000	3576
678.717000	3588
678.565000	3573
678.413000	3566
678.260000	3605
678.108000	3606
677.956000	3598
677.803000	3580
677.651000	3586
677.499000	3564
677.346000	3545
677.194000	3608
677.042000	3585
676.889000	3572
676.737000	3556
676.585000	3554
676.432000	3542
676.280000	3550
676.128000	3579
675.975000	3577
675.823000	3576
675.671000	3589
675.518000	3617
675.366000	3623
675.214000	3554
675.061000	3572
674.909000	3572
674.757000	3580
674.604000	3582
674.452000	3612
674.300000	3594
674.147000	3597
673.995000	3600
673.843000	3571
673.690000	3557
673.538000	3572
673.386000	3607
673.233000	3671
673.081000	3651
672.929000	3608
672.776000	3612
672.624000	3626
672.472000	3615
672.319000	3623
672.167000	3601
672.015000	3613
671.862000	3608
671.710000	3606
671.558000	3596
671.405000	3606
671.253000	3676
671.101000	3679
670.948000	3679
670.796000	3635
670.644000	3624
670.491000	3614
670.339000	3635
670.187000	3633
670.034000	3617
669.882000	3643
669.730000	3617
669.577000	3641
669.425000	3676
669.273000	3643
669.120000	3629
668.968000	3630
668.816000	3648
668.663000	3655
668.511000	3674
668.359000	3691
668.206000	3678
668.054000	3641
667.902000	3654
667.749000	3674
667.597000	3665
667.445000	3655
667.292000	3651
667.140000	3634
666.988000	3609
666.835000	3639
666.683000	3662
666.531000	3664
666.378000	3655
666.226000	3642
666.074000	3663
665.921000	3607
665.769000	3608
665.617000	3616
665.464000	3622
665.312000	3633
665.160000	3653
665.007000	3646
664.855000	3639
664.703000	3617
664.550000	3592
664.398000	3567
664.246000	3625
664.093000	3664
663.941000	3645
663.789000	3616
663.636000	3641
663.484000	3634
663.332000	3587
663.179000	3586
663.027000	3599
662.875000	3605
662.722000	3624
662.570000	3600
662.418000	3618
662.265000	3656
662.113000	3627
661.961000	3584
661.808000	3569
661.656000	3593
661.504000	3579
661.351000	3604
661.199000	3623
661.047000	3625
660.894000	3631
660.742000	3642
660.590000	3630
660.438000	3597
660.285000	3601
660.133000	3618
659.981000	3613
659.828000	3587
659.676000	3612
659.524000	3619
659.371000	3610
659.219000	3599
659.067000	3611
658.914000	3602
658.762000	3587
658.610000	3579
658.457000	3582
658.305000	3596
658.153000	3603
658.000000	3618
657.848000	3640
657.696000	3640
657.543000	3605
657.391000	3600
657.239000	3603
657.086000	3644
656.934000	3607
656.782000	3601
656.629000	3646
656.477000	3645
656.325000	3627
656.172000	3618
656.020000	3614
655.868000	3597
655.715000	3607
655.563000	3651
655.411000	3652
655.258000	3622
655.106000	3615
654.954000	3644
654.801000	3630
654.649000	3626
654.497000	3624
654.344000	3625
654.192000	3664
654.040000	3659
653.887000	3668
653.735000	3645
653.583000	3619
653.430000	3657
653.278000	3654
653.126000	3632
652.973000	3608
652.821000	3602
652.669000	3614
652.516000	3614
652.364000	3659
652.212000	3691
652.059000	3669
651.907000	3652
651.755000	3651
651.602000	3622
651.450000	3636
651.298000	3617
651.145000	3633
650.993000	3623
650.841000	3625
650.688000	3647
650.536000	3675
650.384000	3661
650.231000	3679
650.079000	3730
649.927000	3701
649.774000	3610
649.622000	3598
649.470000	3665
649.317000	3688
649.165000	3682
649.013000	3681
648.860000	3684
648.708000	3678
648.556000	3669
648.403000	3628
648.251000	3617
648.099000	3651
647.946000	3669
647.794000	3694
647.642000	3659
647.489000	3673
647.337000	3711
647.185000	3700
647.032000	3704
646.880000	3701
646.728000	3697
646.575000	3663
646.423000	3651
646.271000	3641
646.118000	3686
645.966000	3703
645.814000	3722
645.661000	3724
645.509000	3721
645.357000	3710
645.204000	3682
645.052000	3654
644.900000	3687
644.747000	3706
644.595000	3764
644.443000	3777
644.290000	3708
644.138000	3688
643.986000	3705
643.833000	3648
643.681000	3610
643.529000	3632
643.376000	3668
643.224000	3700
643.072000	3736
642.919000	3725
642.767000	3726
642.615000	3724
642.462000	3689
642.310000	3650
642.158000	3667
642.005000	3704
641.853000	3692
641.701000	3686
641.548000	3687
641.396000	3716
641.244000	3731
641.091000	3716
640.939000	3684
640.787000	3669
640.634000	3670
640.482000	3684
640.330000	3716
640.177000	3719
640.025000	3688
639.873000	3718
639.720000	3767
639.568000	3731
639.416000	3679
639.263000	3708
639.111000	3747
638.959000	3742
638.806000	3757
638.654000	3777
638.502000	3771
638.349000	3712
638.197000	3690
638.045000	3698
637.892000	3702
637.740000	3694
637.588000	3677
637.435000	3694
637.283000	3697
637.131000	3721
636.979000	3725
636.826000	3746
636.674000	3761
636.521000	3739
636.369000	3690
636.217000	3691
636.065000	3698
635.912000	3695
635.760000	3746
635.608000	3752
635.455000	3726
635.303000	3720
635.151000	3731
634.998000	3765
634.846000	3740
634.694000	3720
634.541000	3782
634.389000	3788
634.237000	3753
634.084000	3724
633.932000	3715
633.780000	3713
633.627000	3736
633.475000	3700
633.323000	3711
633.170000	3720
633.018000	3739
632.866000	3746
632.713000	3732
632.561000	3766
632.409000	3795
632.256000	3743
632.104000	3709
631.952000	3721
631.799000	3743
631.647000	3730
631.495000	3737
631.342000	3792
631.190000	3777
631.038000	3762
630.885000	3751
630.733000	3757
630.581000	3726
630.428000	3712
630.276000	3743
630.124000	3780
629.971000	3765
629.819000	3785
629.667000	3758
629.514000	3747
629.362000	3779
629.210000	3783
629.057000	3715
628.905000	3696
628.753000	3773
628.600000	3785
628.448000	3788
628.296000	3798
628.143000	3781
627.991000	3751
627.839000	3742
627.686000	3779
627.534000	3764
627.382000	3722
627.229000	3709
627.077000	3743
626.925000	3780
626.772000	3776
626.620000	3778
626.468000	3842
626.315000	3788
626.163000	3771
626.011000	3763
625.858000	3791
625.706000	3785
625.554000	3766
625.401000	3757
625.249000	3771
625.097000	3807
624.944000	3767
624.792000	3775
624.640000	3797
624.487000	3748
624.335000	3761
624.183000	3775
624.030000	3761
623.878000	3776
623.726000	3752
623.573000	3774
623.421000	3793
623.269000	3792
623.116000	3796
622.964000	3747
622.812000	3764
622.659000	3779
622.507000	3790
622.355000	3755
622.202000	3779
622.050000	3795
621.898000	3817
621.745000	3825
621.593000	3768
621.441000	3773
621.288000	3807
621.136000	3796
620.984000	3803
620.831000	3834
620.679000	3794
620.527000	3808
620.374000	3813
620.222000	3837
620.070000	3796
619.917000	3787
619.765000	3824
619.613000	3806
619.460000	3747
619.308000	3777
619.156000	3802
619.003000	3795
618.851000	3782
618.699000	3797
618.546000	3778
618.394000	3785
618.242000	3806
618.089000	3793
617.937000	3811
617.785000	3826
617.632000	3808
617.480000	3815
617.328000	3791
617.175000	3806
617.023000	3801
616.871000	3833
616.718000	3797
616.566000	3761
616.414000	3788
616.261000	3777
616.109000	3802
615.957000	3833
615.804000	3816
615.652000	3843
615.500000	3815
615.347000	3801
615.195000	3801
615.043000	3803
614.890000	3813
614.738000	3830
614.586000	3806
614.433000	3835
614.281000	3842
614.129000	3832
613.976000	3817
613.824000	3827
613.672000	3818
613.519000	3810
613.367000	3802
613.215000	3841
613.063000	3843
612.910000	3801
612.758000	3813
612.606000	3816
612.453000	3855
612.301000	3860
612.149000	3816
611.996000	3842
611.844000	3857
611.692000	3855
611.539000	3838
611.387000	3868
611.235000	3848
611.082000	3808
610.930000	3803
610.778000	3823
610.625000	3846
610.473000	3795
610.321000	3821
610.168000	3827
610.016000	3849
609.864000	3884
609.711000	3873
609.559000	3781
609.407000	3810
609.254000	3819
609.102000	3841
608.950000	3873
608.797000	3845
608.645000	3827
608.493000	3818
608.340000	3835
608.188000	3833
608.036000	3806
607.883000	3826
607.731000	3854
607.579000	3864
607.426000	3843
607.274000	3838
607.122000	3848
606.969000	3874
606.817000	3860
606.665000	3844
606.512000	3811
606.360000	3862
606.208000	3868
606.055000	3824
605.903000	3869
605.751000	3877
605.598000	3840
605.446000	3866
605.294000	3878
605.141000	3837
604.989000	3836
604.837000	3851
604.684000	3818
604.532000	3829
604.380000	3861
604.227000	3876
604.075000	3833
603.923000	3866
603.770000	3896
603.618000	3859
603.466000	3858
603.313000	3866
603.161000	3845
603.009000	3817
602.856000	3815
602.704000	3841
602.552000	3859
602.399000	3879
602.247000	3882
602.095000	3833
601.942000	3837
601.790000	3832
601.638000	3867
601.485000	3842
601.333000	3854
601.181000	3881
601.028000	3872
600.876000	3863
600.724000	3851
600.571000	3840
600.419000	3866
600.267000	3882
600.114000	3916
599.962000	3882
599.810000	3866
599.657000	3847
599.505000	3862
599.353000	3902
599.200000	3915
599.048000	3844
598.896000	3870
598.743000	3912
598.591000	3889
598.439000	3854
598.286000	3846
598.134000	3844
597.982000	3859
597.829000	3898
597.677000	3845
597.525000	3890
597.372000	3872
597.220000	3851
597.068000	3872
596.915000	3882
596.763000	3880
596.611000	3855
596.458000	3874
596.306000	3858
596.154000	3812
596.001000	3845
595.849000	3845
595.697000	3838
595.544000	3869
595.392000	3887
595.240000	3884
595.087000	3890
594.935000	3868
594.783000	3861
594.630000	3856
594.478000	3880
594.326000	3904
594.173000	3882
594.021000	3848
593.869000	3868
593.716000	3868
593.564000	3852
593.412000	3880
593.259000	3870
593.107000	3809
592.955000	3830
592.802000	3849
592.650000	3885
592.498000	3898
592.345000	3868
592.193000	3871
592.041000	3891
591.888000	3892
591.736000	3864
591.584000	3835
591.431000	3868
591.279000	3871
591.127000	3880
590.974000	3868
590.822000	3883
590.670000	3878
590.517000	3868
590.365000	3902
590.213000	3872
590.060000	3855
589.908000	3852
589.756000	3853
589.603000	3876
589.451000	3874
589.299000	3865
589.146000	3862
588.994000	3898
588.842000	3899
588.689000	3834
588.537000	3863
588.385000	3903
588.233000	3882
588.080000	3881
587.928000	3875
587.776000	3880
587.623000	3926
587.471000	3908
587.319000	3902
587.166000	3846
587.014000	3859
586.862000	3918
586.709000	3919
586.557000	3891
586.405000	3895
586.252000	3916
586.100000	3946
585.948000	3941
585.795000	3906
585.643000	3826
585.491000	3869
585.338000	3900
585.186000	3886
585.034000	3864
584.881000	3858
584.729000	3867
584.577000	3852
584.424000	3896
584.272000	3894
584.120000	3849
583.967000	3869
583.815000	3872
583.663000	3866
583.510000	3849
583.358000	3885
583.206000	3905
583.053000	3897
582.901000	3869
582.749000	3857
582.596000	3885
582.444000	3892
582.292000	3856
582.139000	3874
581.987000	3886
581.835000	3868
581.682000	3877
581.530000	3892
581.378000	3920
581.225000	3883
581.073000	3861
580.921000	3863
580.768000	3844
580.616000	3880
580.464000	3940
580.311000	3899
580.159000	3881
580.007000	3882
579.854000	3860
579.702000	3851
579.550000	3838
579.397000	3875
579.245000	3900
579.093000	3893
578.940000	3908
578.788000	3863
578.636000	3872
578.483000	3909
578.331000	3952
578.179000	3885
578.026000	3865
577.874000	3881
577.722000	3881
577.569000	3876
577.417000	3863
577.265000	3840
577.112000	3844
576.960000	3876
576.810000	3923
576.660000	3873
576.510000	3849
576.360000	3882
576.210000	3887
576.060000	3858
575.910000	3842
575.760000	3856
575.610000	3854
575.460000	3861
575.311000	3889
575.161000	3883
575.011000	3848
574.861000	3827
574.711000	3856
574.561000	3898
574.411000	3890
574.261000	3887
574.111000	3889
573.961000	3906
573.811000	3859
573.661000	3871
573.511000	3916
573.361000	3892
573.211000	3865
573.061000	3877
572.911000	3834
572.761000	3846
572.611000	3900
572.461000	3912
572.312000	3846
572.162000	3855
572.012000	3860
571.862000	3856
571.712000	3875
571.562000	3895
571.412000	3898
571.262000	3911
571.112000	3892
570.962000	3876
570.812000	3846
570.662000	3812
570.512000	3820
570.362000	3853
570.212000	3847
570.062000	3885
569.912000	3907
569.762000	3887
569.612000	3868
569.462000	3870
569.312000	3877
569.163000	3856
569.013000	3854
568.863000	3861
568.713000	3872
568.563000	3853
568.413000	3847
568.263000	3886
568.113000	3913
567.963000	3868
567.813000	3838
567.663000	3831
567.513000	3839
567.363000	3839
567.213000	3851
567.063000	3856
566.913000	3889
566.763000	3880
566.613000	3877
566.463000	3878
566.313000	3872
566.164000	3860
566.014000	3829
565.864000	3843
565.714000	3902
565.564000	3919
565.414000	3908
565.264000	3929
565.114000	3880
564.964000	3833
564.814000	3816
564.664000	3819
564.514000	3861
564.364000	3889
564.214000	3884
564.064000	3851
563.914000	3848
563.764000	3904
563.614000	3862
563.464000	3828
563.314000	3882
563.164000	3882
563.015000	3846
562.865000	3806
562.715000	3846
562.565000	3870
562.415000	3873
562.265000	3855
562.115000	3863
561.965000	3828
561.815000	3840
561.665000	3894
561.515000	3842
561.365000	3829
561.215000	3876
561.065000	3868
560.915000	3856
560.765000	3889
560.615000	3857
560.465000	3860
560.315000	3841
560.165000	3857
560.015000	3849
559.866000	3861
559.716000	3900
559.566000	3928
559.416000	3908
559.266000	3897
559.116000	3873
558.966000	3834
558.816000	3853
558.666000	3905
558.516000	3891
558.366000	3879
558.216000	3877
558.066000	3897
557.916000	3879
557.766000	3880
557.616000	3841
557.466000	3873
557.316000	3888
557.166000	3844
557.016000	3846
556.866000	3894
556.717000	3912
556.567000	3928
556.417000	3878
556.267000	3895
556.117000	3905
555.967000	3865
555.817000	3815
555.667000	3825
555.517000	3859
555.367000	3871
555.217000	3888
555.067000	3887
554.917000	3892
554.767000	3886
554.617000	3866
554.467000	3865
554.317000	3860
554.167000	3868
554.017000	3883
553.867000	3857
553.718000	3865
553.568000	3900
553.418000	3899
553.268000	3864
553.118000	3852
552.968000	3837
552.818000	3849
552.668000	3865
552.518000	3875
552.368000	3875
552.218000	3871
552.068000	3881
551.918000	3891
551.768000	3872
551.618000	3887
551.468000	3885
551.318000	3879
551.168000	3855
551.018000	3832
550.868000	3838
550.718000	3825
550.569000	3840
550.419000	3846
550.269000	3804
550.119000	3779
549.969000	3799
549.819000	3833
549.669000	3904
549.519000	3919
549.369000	3878
549.219000	3868
549.069000	3904
548.919000	3892
548.769000	3815
548.619000	3816
548.469000	3838
548.319000	3878
548.169000	3873
548.019000	3853
547.869000	3867
547.719000	3895
547.570000	3868
547.420000	3861
547.270000	3846
547.120000	3874
546.970000	3890
546.820000	3840
546.670000	3866
546.520000	3871
546.370000	3852
546.220000	3860
546.070000	3887
545.923000	3854
545.777000	3835
545.630000	3847
545.484000	3867
545.337000	3848
545.191000	3879
545.044000	3871
544.897000	3901
544.751000	3907
544.604000	3884
544.458000	3818
544.311000	3828
544.164000	3849
544.018000	3845
543.871000	3878
543.725000	3869
543.578000	3859
543.432000	3847
543.285000	3848
543.138000	3843
542.992000	3801
542.845000	3860
542.699000	3871
542.552000	3827
542.405000	3872
542.259000	3850
542.112000	3853
541.966000	3830
541.819000	3856
541.673000	3886
541.526000	3826
541.379000	3848
541.233000	3817
541.086000	3822
540.940000	3843
540.793000	3841
540.646000	3809
540.500000	3837
540.353000	3844
540.207000	3845
540.060000	3819
539.914000	3844
539.767000	3837
539.620000	3830
539.474000	3843
539.327000	3843
539.181000	3882
539.034000	3848
538.887000	3834
538.741000	3821
538.594000	3846
538.448000	3844
538.301000	3852
538.155000	3850
538.008000	3833
537.861000	3809
537.715000	3836
537.568000	3818
537.422000	3813
537.275000	3819
537.128000	3799
536.982000	3777
536.835000	3799
536.689000	3840
536.542000	3902
536.396000	3847
536.249000	3824
536.102000	3877
535.956000	3880
535.809000	3871
535.663000	3825
535.516000	3829
535.369000	3874
535.223000	3858
535.076000	3842
534.930000	3848
534.783000	3848
534.637000	3852
534.490000	3827
534.343000	3788
534.197000	3831
534.050000	3846
533.904000	3851
533.757000	3854
533.610000	3812
533.464000	3840
533.317000	3888
533.171000	3823
533.024000	3814
532.878000	3818
532.731000	3789
532.584000	3800
532.438000	3835
532.291000	3838
532.145000	3826
531.998000	3836
531.851000	3861
531.705000	3881
531.558000	3834
531.412000	3813
531.265000	3813
531.119000	3829
530.972000	3857
530.825000	3831
530.679000	3861
530.532000	3849
530.386000	3834
530.239000	3839
530.093000	3780
529.946000	3796
529.799000	3815
529.653000	3816
529.506000	3825
529.360000	3796
529.213000	3859
529.066000	3886
528.920000	3845
528.773000	3830
528.627000	3788
528.480000	3787
528.334000	3803
528.187000	3857
528.040000	3887
527.894000	3846
527.747000	3844
527.601000	3809
527.454000	3827
527.307000	3855
527.161000	3837
527.014000	3814
526.868000	3820
526.721000	3827
526.575000	3831
526.428000	3847
526.281000	3827
526.135000	3839
525.988000	3849
525.842000	3848
525.695000	3833
525.548000	3801
525.402000	3818
525.255000	3820
525.109000	3822
524.962000	3836
524.816000	3860
524.669000	3870
524.522000	3844
524.376000	3808
524.229000	3812
524.083000	3831
523.936000	3822
523.789000	3834
523.643000	3860
523.496000	3838
523.350000	3817
523.203000	3810
523.057000	3816
522.910000	3793
522.763000	3847
522.617000	3874
522.470000	3820
522.324000	3849
522.177000	3870
522.030000	3817
521.884000	3797
521.737000	3849
521.591000	3827
521.444000	3763
521.298000	3789
521.151000	3798
521.004000	3826
520.858000	3916
520.711000	3858
520.565000	3824
520.418000	3874
520.271000	3833
520.125000	3822
519.978000	3789
519.832000	3825
519.685000	3802
519.539000	3820
519.392000	3833
519.245000	3812
519.099000	3834
518.952000	3846
518.806000	3819
518.659000	3811
518.513000	3814
518.366000	3834
518.219000	3852
518.073000	3837
517.926000	3810
517.780000	3824
517.633000	3792
517.486000	3818
517.340000	3851
517.193000	3791
517.047000	3803
516.900000	3777
516.754000	3792
516.607000	3821
516.460000	3873
516.314000	3814
516.167000	3793
516.021000	3835
515.874000	3799
515.727000	3775
515.581000	3809
515.434000	3800
515.288000	3775
515.141000	3822
514.995000	3833
514.848000	3806
514.701000	3801
514.555000	3812
514.408000	3800
514.262000	3794
514.115000	3819
513.968000	3814
513.822000	3797
513.675000	3793
513.529000	3827
513.382000	3826
513.236000	3812
513.089000	3814
512.942000	3798
512.796000	3768
512.649000	3800
512.503000	3809
512.356000	3774
512.209000	3787
512.063000	3833
511.916000	3813
511.770000	3801
511.623000	3818
511.477000	3848
511.330000	3797
511.183000	3757
511.037000	3767
510.890000	3767
510.744000	3765
510.597000	3775
510.450000	3766
510.304000	3779
510.157000	3777
510.011000	3737
509.864000	3763
509.718000	3770
509.571000	3747
509.424000	3759
509.278000	3769
509.131000	3782
508.985000	3792
508.838000	3762
508.691000	3774
508.545000	3768
508.398000	3764
508.252000	3773
508.105000	3753
507.959000	3762
507.812000	3731
507.665000	3691
507.519000	3740
507.372000	3760
507.226000	3765
507.079000	3763
506.932000	3783
506.786000	3782
506.639000	3782
506.493000	3765
506.346000	3735
506.200000	3712
506.053000	3731
505.906000	3736
505.760000	3700
505.613000	3703
505.467000	3791
505.320000	3790
505.173000	3750
505.027000	3774
504.880000	3758
504.734000	3702
504.587000	3720
504.441000	3751
504.294000	3735
504.147000	3715
504.001000	3706
503.854000	3720
503.708000	3728
503.561000	3715
503.415000	3724
503.268000	3720
503.121000	3708
502.975000	3721
502.828000	3704
502.682000	3717
502.535000	3701
502.388000	3662
502.242000	3688
502.095000	3726
501.949000	3699
501.802000	3709
501.656000	3717
501.509000	3698
501.362000	3662
501.216000	3730
501.069000	3744
500.923000	3719
500.776000	3704
500.629000	3702
500.483000	3705
500.336000	3693
500.190000	3704
500.043000	3718
499.897000	3664
499.750000	3644
499.603000	3684
499.457000	3705
499.310000	3707
499.164000	3673
499.017000	3663
498.870000	3700
498.724000	3735
498.577000	3708
498.431000	3665
498.284000	3723
498.138000	3732
497.991000	3686
497.844000	3701
497.698000	3738
497.551000	3757
497.405000	3704
497.258000	3684
497.111000	3668
496.965000	3743
496.818000	3685
496.672000	3646
496.525000	3669
496.379000	3684
496.232000	3664
496.085000	3660
495.939000	3667
495.792000	3678
495.646000	3645
495.499000	3651
495.352000	3680
495.206000	3647
495.059000	3625
494.913000	3682
494.766000	3678
494.620000	3677
494.473000	3642
494.326000	3675
494.180000	3668
494.033000	3670
493.887000	3655
493.740000	3644
493.593000	3631
493.447000	3635
493.300000	3654
493.154000	3694
493.007000	3694
492.861000	3655
492.714000	3667
492.567000	3666
492.421000	3621
492.274000	3622
492.128000	3676
491.981000	3684
491.834000	3662
491.688000	3644
491.541000	3676
491.395000	3666
491.248000	3610
491.102000	3602
490.955000	3626
490.808000	3648
490.662000	3662
490.515000	3668
490.369000	3655
490.222000	3629
490.076000	3658
489.929000	3623
489.782000	3623
489.636000	3634
489.489000	3618
489.343000	3615
489.196000	3614
489.049000	3623
488.903000	3625
488.756000	3651
488.610000	3698
488.463000	3660
488.317000	3630
488.170000	3644
488.023000	3629
487.877000	3624
487.730000	3664
487.584000	3654
487.437000	3642
487.290000	3666
487.144000	3641
486.997000	3616
486.851000	3612
486.704000	3622
486.558000	3648
486.411000	3673
486.264000	3664
486.118000	3659
485.971000	3663
485.825000	3626
485.678000	3656
485.531000	3630
485.385000	3616
485.238000	3620
485.092000	3591
484.945000	3614
484.799000	3635
484.652000	3624
484.505000	3656
484.359000	3689
484.212000	3657
484.066000	3646
483.919000	3607
483.772000	3588
483.626000	3606
483.479000	3642
483.333000	3635
483.186000	3617
483.040000	3653
482.893000	3652
482.746000	3613
482.600000	3629
482.453000	3634
482.307000	3641
482.160000	3608
482.013000	3622
481.867000	3682
481.720000	3644
481.574000	3606
481.427000	3628
481.281000	3612
481.134000	3594
480.987000	3620
480.841000	3598
480.694000	3610
480.548000	3632
480.401000	3630
480.254000	3656
480.108000	3668
479.961000	3619
479.815000	3574
479.668000	3614
479.522000	3626
479.375000	3638
479.228000	3672
479.082000	3671
478.935000	3653
478.789000	3679
478.642000	3673
478.495000	3661
478.349000	3627
478.202000	3625
478.056000	3663
477.909000	3690
477.763000	3632
477.616000	3624
477.469000	3672
477.323000	3680
477.176000	3646
477.030000	3673
476.883000	3660
476.736000	3622
476.590000	3672
476.443000	3686
476.297000	3653
476.150000	3657
476.004000	3695
475.857000	3671
475.710000	3652
475.564000	3639
475.417000	3594
475.271000	3629
475.124000	3657
474.978000	3634
474.831000	3639
474.684000	3683
474.538000	3700
474.391000	3686
474.245000	3688
474.098000	3660
473.951000	3654
473.805000	3676
473.658000	3714
473.512000	3727
473.365000	3705
473.219000	3677
473.072000	3672
472.925000	3706
472.779000	3705
472.632000	3637
472.486000	3702
472.339000	3710
472.192000	3662
472.046000	3653
471.899000	3658
471.753000	3695
471.606000	3704
471.460000	3702
471.313000	3690
471.166000	3636
471.020000	3679
470.873000	3728
470.727000	3749
470.580000	3729
470.433000	3706
470.287000	3731
470.140000	3765
469.994000	3717
469.847000	3698
469.701000	3731
469.554000	3730
469.407000	3712
469.261000	3736
469.114000	3726
468.968000	3718
468.821000	3772
468.674000	3774
468.528000	3750
468.381000	3755
468.235000	3779
468.088000	3747
467.942000	3736
467.795000	3720
467.648000	3719
467.502000	3698
467.355000	3772
467.209000	3811
467.062000	3782
466.915000	3770
466.769000	3754
466.622000	3778
466.476000	3786
466.329000	3758
466.183000	3768
466.036000	3794
465.889000	3780
465.743000	3750
465.596000	3818
465.450000	3848
465.303000	3826
465.156000	3829
465.010000	3800
464.863000	3784
464.717000	3785
464.570000	3769
464.424000	3804
464.277000	3833
464.130000	3830
463.984000	3814
463.837000	3778
463.691000	3786
463.544000	3788
463.397000	3809
463.251000	3872
463.104000	3869
462.958000	3841
462.811000	3833
462.665000	3831
462.518000	3823
462.371000	3850
462.225000	3872
462.078000	3811
461.932000	3858
461.785000	3924
461.639000	3930
461.492000	3934
461.345000	3898
461.199000	3869
461.052000	3858
460.906000	3902
460.759000	3942
460.612000	3926
460.466000	3902
460.319000	3904
460.173000	3943
460.026000	3958
459.880000	3984
459.733000	3937
459.586000	3973
459.440000	4021
459.293000	4018
459.147000	4014
459.000000	3987
458.853000	3976
458.707000	3984
458.560000	4013
458.414000	4024
458.267000	4013
458.121000	4017
457.974000	4021
457.827000	3992
457.681000	4042
457.534000	4051
457.388000	4040
457.241000	4036
457.094000	4063
456.948000	4108
456.801000	4115
456.655000	4140
456.508000	4122
456.362000	4103
456.215000	4110
456.068000	4137
455.922000	4208
455.775000	4139
455.629000	4098
455.482000	4184
455.335000	4141
455.189000	4114
455.042000	4121
454.896000	4167
454.749000	4203
454.603000	4164
454.456000	4138
454.309000	4093
454.163000	4135
454.016000	4102
453.870000	4133
453.723000	4177
453.576000	4187
453.430000	4135
453.283000	4118
453.137000	4155
452.990000	4141
452.844000	4157
452.697000	4140
452.550000	4079
452.404000	4081
452.257000	4128
452.111000	4117
451.964000	4086
451.817000	4076
451.671000	4140
451.524000	4119
451.378000	4090
451.231000	4094
451.085000	4058
450.938000	4054
450.791000	4089
450.645000	4105
450.498000	4082
450.352000	4086
450.205000	4068
450.058000	4025
449.912000	4048
449.765000	4044
449.619000	4059
449.472000	4030
449.326000	3976
449.179000	3991
449.032000	4029
448.886000	4008
448.739000	4009
448.593000	4024
448.446000	3924
448.300000	3920
448.153000	3975
448.006000	3967
447.860000	3957
447.713000	3945
447.567000	3946
447.420000	3922
447.273000	3920
447.127000	3925
446.980000	3878
446.834000	3866
446.687000	3872
446.541000	3863
446.394000	3857
446.247000	3823
446.101000	3833
445.954000	3873
445.808000	3866
445.661000	3842
445.514000	3851
445.368000	3809
445.221000	3796
445.075000	3802
444.928000	3798
444.782000	3843
444.635000	3831
444.488000	3816
444.342000	3816
444.195000	3775
444.049000	3767
443.902000	3746
443.755000	3802
443.609000	3782
443.462000	3763
443.316000	3774
443.169000	3769
443.023000	3813
442.876000	3808
442.729000	3771
442.583000	3720
442.436000	3690
442.290000	3717
442.143000	3695
441.996000	3721
441.850000	3752
441.703000	3710
441.557000	3700
441.410000	3724
441.264000	3701
441.117000	3692
440.970000	3720
440.824000	3746
440.677000	3694
440.531000	3676
440.384000	3673
440.237000	3655
440.091000	3695
439.944000	3699
439.798000	3680
439.651000	3613
439.505000	3638
439.358000	3683
439.211000	3675
439.065000	3696
438.918000	3723
438.772000	3706
438.625000	3679
438.478000	3669
438.332000	3697
438.185000	3683
438.039000	3654
437.892000	3638
437.746000	3641
437.599000	3688
437.452000	3676
437.306000	3645
437.159000	3655
437.013000	3638
436.866000	3649
436.719000	3631
436.573000	3639
436.426000	3652
436.280000	3633
436.133000	3635
435.987000	3636
435.840000	3653
435.697000	3660
435.554000	3671
435.411000	3630
435.268000	3566
435.125000	3634
434.982000	3638
434.839000	3630
434.696000	3646
434.553000	3635
434.410000	3579
434.267000	3562
434.124000	3606
433.981000	3610
433.838000	3616
433.695000	3622
433.552000	3598
433.409000	3590
433.265000	3595
433.122000	3626
432.979000	3606
432.836000	3647
432.693000	3617
432.550000	3575
432.407000	3566
432.264000	3544
432.121000	3555
431.978000	3582
431.835000	3588
431.692000	3580
431.549000	3558
431.406000	3556
431.263000	3566
431.120000	3538
430.977000	3529
430.834000	3568
430.691000	3591
430.548000	3589
430.405000	3588
430.262000	3593
430.119000	3561
429.976000	3529
429.833000	3561
429.690000	3570
429.547000	3550
429.404000	3546
429.261000	3565
429.118000	3564
428.975000	3545
428.832000	3543
428.689000	3554
428.546000	3563
428.403000	3568
428.260000	3544
428.117000	3542
427.973000	3525
427.830000	3504
427.687000	3552
427.544000	3547
427.401000	3515
427.258000	3494
427.115000	3540
426.972000	3576
426.829000	3531
426.686000	3537
426.543000	3534
426.400000	3552
426.257000	3548
426.114000	3507
425.971000	3556
425.828000	3573
425.685000	3575
425.542000	3581
425.399000	3535
425.256000	3510
425.113000	3534
424.970000	3528
424.827000	3517
424.684000	3492
424.541000	3548
424.398000	3568
424.255000	3521
424.112000	3483
423.969000	3508
423.826000	3518
423.683000	3550
423.540000	3542
423.397000	3550
423.254000	3573
423.111000	3565
422.968000	3564
422.825000	3544
422.681000	3465
422.538000	3471
422.395000	3503
422.252000	3507
422.109000	3539
421.966000	3559
421.823000	3555
421.680000	3559
421.537000	3568
421.394000	3547
421.251000	3515
421.108000	3511
420.965000	3484
420.822000	3485
420.679000	3504
420.536000	3512
420.393000	3540
420.250000	3528
420.107000	3521
419.964000	3485
419.821000	3512
419.678000	3520
419.535000	3502
419.392000	3504
419.249000	3517
419.106000	3514
418.963000	3515
418.820000	3510
418.677000	3507
418.534000	3513
418.391000	3512
418.248000	3493
418.105000	3463
417.962000	3516
417.819000	3534
417.676000	3512
417.532000	3539
417.389000	3535
417.246000	3545
417.103000	3514
416.960000	3489
416.817000	3478
416.674000	3477
416.531000	3510
416.388000	3534
416.245000	3513
416.102000	3501
415.959000	3488
415.816000	3518
415.673000	3505
415.530000	3480
415.387000	3495
415.244000	3524
415.101000	3509
414.958000	3509
414.815000	3520
414.672000	3519
414.529000	3506
414.386000	3531
414.243000	3548
414.100000	3524
413.957000	3510
413.814000	3486
413.671000	3457
413.528000	3473
413.385000	3517
413.242000	3532
413.099000	3550
412.956000	3516
412.813000	3470
412.670000	3470
412.527000	3506
412.383000	3525
412.240000	3528
412.097000	3522
411.954000	3526
411.811000	3507
411.668000	3508
411.525000	3476
411.382000	3471
411.239000	3457
411.096000	3494
410.953000	3527
410.810000	3524
410.667000	3545
410.524000	3513
410.381000	3525
410.238000	3532
410.095000	3516
409.952000	3510
409.809000	3478
409.666000	3491
409.523000	3522
409.380000	3517
409.237000	3525
409.094000	3545
408.951000	3540
408.808000	3504
408.665000	3504
408.522000	3510
408.379000	3537
408.236000	3553
408.093000	3531
407.950000	3533
407.807000	3509
407.664000	3514
407.521000	3511
407.378000	3491
407.235000	3475
407.091000	3492
406.948000	3487
406.805000	3478
406.662000	3464
406.519000	3454
406.376000	3484
406.233000	3503
406.090000	3496
405.947000	3508
405.804000	3544
405.661000	3521
405.518000	3486
405.375000	3471
405.232000	3492
405.089000	3497
404.946000	3508
404.803000	3528
404.660000	3523
404.521000	3463
404.382000	3456
404.243000	3487
404.104000	3480
403.965000	3483
403.826000	3484
403.687000	3525
403.549000	3523
403.410000	3499
403.271000	3478
403.132000	3470
402.993000	3492
402.854000	3478
402.715000	3502
402.576000	3515
402.437000	3552
402.298000	3519
402.159000	3477
402.020000	3513
401.881000	3554
401.742000	3535
401.603000	3499
401.464000	3473
401.326000	3510
401.187000	3526
401.048000	3522
400.909000	3515
400.770000	3500
400.631000	3491
400.492000	3491
400.353000	3492
400.214000	3496
400.075000	3500
399.936000	3504
399.797000	3507
399.658000	3510
399.519000	3515
399.380000	3531
399.241000	3516
399.103000	3459
398.964000	3491
398.825000	3501
398.686000	3492
398.547000	3483
398.408000	3520
398.269000	3554
398.130000	3548
397.991000	3519
397.852000	3492
397.713000	3509
397.574000	3515
397.435000	3501
397.296000	3496
397.157000	3520
397.019000	3511
396.880000	3498
396.741000	3520
396.602000	3525
396.463000	3556
396.324000	3516
396.185000	3439
396.046000	3470
395.907000	3482
395.768000	3484
395.629000	3485
395.490000	3495
395.351000	3543
395.212000	3556
395.073000	3527
394.934000	3469
394.796000	3478
394.657000	3496
394.518000	3473
394.379000	3507
394.240000	3514
394.101000	3503
393.962000	3543
393.823000	3498
393.684000	3503
393.545000	3490
393.406000	3495
393.267000	3518
393.128000	3472
392.989000	3470
392.850000	3501
392.711000	3502
392.573000	3536
392.434000	3532
392.295000	3468
392.156000	3522
392.017000	3565
391.878000	3550
391.739000	3517
391.600000	3508
391.461000	3520
391.322000	3530
391.183000	3536
391.044000	3520
390.905000	3471
390.766000	3497
390.627000	3521
390.489000	3527
390.350000	3504
390.211000	3541
390.072000	3537
389.933000	3524
389.794000	3497
389.655000	3512
389.516000	3499
389.377000	3470
389.238000	3479
389.099000	3477
388.960000	3493
388.821000	3483
388.682000	3532
388.543000	3527
388.404000	3489
388.266000	3512
388.127000	3525
387.988000	3555
387.849000	3533
387.710000	3474
387.571000	3488
387.432000	3536
387.293000	3509
387.154000	3488
387.015000	3493
386.876000	3463
386.737000	3469
386.598000	3477
386.459000	3473
386.320000	3501
386.181000	3497
386.043000	3502
385.904000	3515
385.765000	3510
385.626000	3503
385.487000	3480
385.348000	3483
385.209000	3511
385.070000	3516
384.931000	3516
384.792000	3517
384.653000	3521
384.514000	3504
384.375000	3503
384.236000	3520
384.097000	3489
383.959000	3470
383.820000	3483
383.681000	3502
383.542000	3465
383.403000	3489
383.264000	3525
383.125000	3526
382.986000	3514
382.847000	3486
382.708000	3503
382.569000	3521
382.430000	3501
382.291000	3454
382.152000	3484
382.013000	3503
381.874000	3495
381.736000	3486
381.597000	3485
381.458000	3491
381.319000	3472
381.180000	3438
381.041000	3457
380.902000	3508
380.763000	3523
380.624000	3511
380.485000	3517
380.346000	3548
380.207000	3540
380.068000	3530
379.929000	3519
379.790000	3531
379.651000	3518
379.513000	3485
379.374000	3485
379.235000	3529
379.096000	3543
378.957000	3521
378.818000	3511
378.679000	3495
378.540000	3525
378.401000	3539
378.262000	3518
378.123000	3500
377.984000	3512
377.845000	3500
377.706000	3465
377.567000	3488
377.429000	3490
377.290000	3456
377.151000	3469
377.012000	3470
376.873000	3464
376.734000	3464
376.595000	3490
376.456000	3521
376.317000	3495
376.178000	3503
376.039000	3534
375.900000	3500
375.761000	3488
375.622000	3492
375.483000	3486
375.344000	3537
375.206000	3547
375.067000	3533
374.928000	3499
374.789000	3493
374.650000	3508
374.511000	3488
374.372000	3485
374.233000	3518
374.094000	3501
373.955000	3500
373.816000	3506
373.677000	3519
373.538000	3524
373.399000	3547
373.260000	3498
373.121000	3479
372.983000	3501
372.844000	3474
372.705000	3467
372.566000	3502
372.427000	3503
372.288000	3514
372.149000	3562
372.010000	3532
371.871000	3469
371.732000	3500
371.593000	3488
371.454000	3498
371.315000	3484
371.176000	3492
371.037000	3483
370.899000	3490
370.760000	3508
370.621000	3484
370.482000	3410
370.343000	3429
370.204000	3490
370.065000	3494
369.926000	3483
369.787000	3512
369.648000	3495
369.509000	3474
369.370000	3502
369.231000	3535
369.092000	3505
368.953000	3485
368.814000	3477
368.676000	3506
368.537000	3525
368.398000	3542
368.259000	3541
368.120000	3487
367.981000	3502
367.842000	3502
367.703000	3474
367.564000	3449
367.425000	3462
367.286000	3481
367.147000	3469
367.008000	3491
366.869000	3508
366.730000	3498
366.591000	3495
366.453000	3434
366.314000	3418
366.175000	3483
366.036000	3508
365.897000	3490
365.758000	3498
365.619000	3497
365.480000	3498
365.342000	3506
365.203000	3514
365.065000	3481
364.926000	3471
364.788000	3487
364.650000	3476
364.511000	3495
364.373000	3534
364.235000	3542
364.096000	3508
363.958000	3509
363.819000	3520
363.681000	3500
363.543000	3493
363.404000	3479
363.266000	3503
363.127000	3486
362.989000	3464
362.851000	3461
362.712000	3494
362.574000	3491
362.435000	3489
362.297000	3488
362.159000	3525
362.020000	3505
361.882000	3566
361.744000	3575
361.605000	3478
361.467000	3503
361.328000	3516
361.190000	3504
361.052000	3486
360.913000	3434
360.775000	3501
360.636000	3540
360.498000	3491
360.360000	3466
360.221000	3487
360.083000	3516
359.945000	3551
359.806000	3490
359.668000	3479
359.529000	3481
359.391000	3476
359.253000	3476
359.114000	3482
358.976000	3517
358.837000	3514
358.699000	3509
358.561000	3489
358.422000	3482
358.284000	3461
358.146000	3442
358.007000	3473
357.869000	3496
357.730000	3484
357.592000	3519
357.454000	3512
357.315000	3530
357.177000	3509
357.038000	3479
356.900000	3490
356.762000	3493
356.623000	3486
356.485000	3486
356.347000	3508
356.208000	3532
356.070000	3529
355.931000	3508
355.793000	3493
355.655000	3510
355.516000	3502
355.378000	3492
355.239000	3505
355.101000	3485
354.963000	3483
354.824000	3492
354.686000	3504
354.547000	3533
354.409000	3527
354.271000	3527
354.132000	3502
353.994000	3479
353.856000	3506
353.717000	3508
353.579000	3496
353.440000	3509
353.302000	3543
353.164000	3511
353.025000	3500
352.887000	3455
352.748000	3477
352.610000	3492
352.472000	3471
352.333000	3495
352.195000	3525
352.057000	3513
351.918000	3530
351.780000	3524
351.641000	3542
351.503000	3523
351.365000	3510
351.226000	3508
351.088000	3489
350.949000	3467
350.811000	3508
350.673000	3479
350.534000	3475
350.396000	3489
350.258000	3504
350.119000	3493
349.981000	3499
349.842000	3496
349.704000	3524
349.566000	3528
349.427000	3505
349.289000	3495
349.150000	3500
349.012000	3510
348.874000	3489
348.735000	3460
348.597000	3462
348.458000	3484
348.320000	3500
348.182000	3507
348.043000	3522
347.905000	3512
347.767000	3491
347.628000	3499
347.490000	3532
347.351000	3516
347.213000	3484
347.075000	3519
346.936000	3480
346.798000	3480
346.659000	3518
346.521000	3517
346.383000	3503
346.244000	3488
346.106000	3459
345.968000	3478
345.829000	3492
345.691000	3501
345.552000	3515
345.414000	3536
345.276000	3538
345.137000	3527
344.999000	3482
344.860000	3496
344.722000	3483
344.584000	3484
344.445000	3491
344.307000	3502
344.169000	3525
344.030000	3544
343.892000	3535
343.753000	3525
343.615000	3517
343.477000	3489
343.338000	3447
343.200000	3485
343.061000	3495
342.923000	3547
342.785000	3516
342.646000	3484
342.508000	3499
342.370000	3517
342.231000	3484
342.093000	3482
341.954000	3476
341.816000	3527
341.678000	3491
341.539000	3501
341.401000	3536
341.262000	3473
341.124000	3461
340.986000	3518
340.847000	3526
340.709000	3503
340.570000	3464
340.432000	3476
340.294000	3479
340.155000	3483
340.017000	3491
339.879000	3515
339.740000	3511
339.602000	3512
339.463000	3545
339.325000	3494
339.187000	3481
339.048000	3489
338.910000	3487
338.771000	3476
338.633000	3485
338.495000	3484
338.356000	3492
338.218000	3505
338.080000	3495
337.941000	3473
337.803000	3483
337.664000	3470
337.526000	3460
337.388000	3464
337.249000	3482
337.111000	3497
336.972000	3518
336.834000	3487
336.696000	3501
336.557000	3472
336.419000	3506
336.281000	3489
336.142000	3479
336.004000	3527
335.865000	3491
335.727000	3474
335.589000	3531
335.450000	3518
335.312000	3499
335.173000	3460
335.035000	3426
334.897000	3459
334.758000	3483
334.620000	3498
334.481000	3497
334.343000	3480
334.205000	3509
334.066000	3524
333.928000	3504
333.790000	3438
333.651000	3480
333.513000	3519
333.374000	3507
333.236000	3522
333.098000	3491
332.959000	3460
332.821000	3500
332.682000	3541
332.544000	3518
332.406000	3512
332.267000	3520
332.129000	3503
331.991000	3499
331.852000	3532
331.714000	3510
331.575000	3501
331.437000	3508
331.299000	3485
331.160000	3423
331.022000	3450
330.883000	3488
330.745000	3485
330.607000	3467
330.468000	3521
330.330000	3497
330.192000	3483
330.053000	3511
329.915000	3501
329.776000	3502
329.638000	3522
329.500000	3495
329.361000	3511
329.223000	3493
329.084000	3493
328.946000	3530
328.808000	3523
328.669000	3512
328.531000	3511
328.392000	3495
328.254000	3500
328.116000	3520
327.977000	3501
327.839000	3505
327.701000	3523
327.562000	3524
327.424000	3517
327.285000	3507
327.147000	3508
327.009000	3458
326.870000	3430
326.732000	3466
326.593000	3484
326.455000	3520
326.317000	3506
326.178000	3494
326.040000	3504
325.902000	3478
325.763000	3473
325.625000	3525
325.486000	3508
325.348000	3497
325.210000	3461
325.071000	3474
324.933000	3479
324.794000	3467
324.656000	3498
324.518000	3496
324.379000	3478
324.241000	3510
324.103000	3505
323.964000	3513
323.826000	3515
323.687000	3524
323.549000	3546
323.411000	3509
323.272000	3482
323.134000	3526
322.995000	3492
322.857000	3485
322.719000	3463
322.580000	3491
322.442000	3518
322.303000	3506
322.165000	3501
322.027000	3527
321.888000	3542
321.750000	3503
321.612000	3441
321.473000	3510
321.335000	3554
321.196000	3528
321.058000	3509
320.920000	3475
320.781000	3491
320.643000	3513
320.504000	3507
320.366000	3514
320.228000	3474
320.089000	3488
319.951000	3475
319.813000	3442
319.674000	3487
319.536000	3531
319.397000	3528
319.259000	3520
319.121000	3501
318.982000	3476
318.844000	3502
318.705000	3494
318.567000	3477
318.429000	3496
318.290000	3512
318.152000	3531
318.014000	3507
317.875000	3494
317.737000	3538
317.598000	3488
317.460000	3495
317.322000	3490
317.183000	3475
317.045000	3524
316.906000	3489
316.768000	3476
316.630000	3483
316.491000	3515
316.353000	3503
316.214000	3469
316.076000	3478
315.938000	3484
315.799000	3460
315.661000	3477
315.523000	3494
315.384000	3518
315.246000	3515
315.107000	3512
314.969000	3530
314.831000	3497
314.692000	3512
314.554000	3499
314.415000	3509
314.277000	3510
314.139000	3516
314.000000	3528
313.862000	3511
313.724000	3497
313.585000	3486
313.447000	3490
313.308000	3468
313.170000	3471
313.036000	3518
312.902000	3518
312.768000	3506
312.634000	3503
312.500000	3535
312.366000	3523
312.232000	3458
312.098000	3486
311.964000	3512
311.829000	3521
311.695000	3501
311.561000	3506
311.427000	3511
311.293000	3487
311.159000	3487
311.025000	3479
310.891000	3450
310.757000	3475
310.623000	3514
310.489000	3490
310.355000	3487
310.221000	3493
310.087000	3509
309.953000	3449
309.819000	3465
309.685000	3514
309.551000	3520
309.416000	3519
309.282000	3506
309.148000	3498
309.014000	3483
308.880000	3500
308.746000	3497
308.612000	3507
308.478000	3500
308.344000	3488
308.210000	3484
308.076000	3464
307.942000	3470
307.808000	3482
307.674000	3472
307.540000	3489
307.406000	3510
307.272000	3483
307.138000	3501
307.004000	3478
306.869000	3472
306.735000	3490
306.601000	3525
306.467000	3522
306.333000	3495
306.199000	3477
306.065000	3476
305.931000	3487
305.797000	3502
305.663000	3496
305.529000	3475
305.395000	3480
305.261000	3515
305.127000	3528
304.993000	3519
304.859000	3530
304.725000	3497
304.591000	3483
304.456000	3505
304.322000	3500
304.188000	3509
304.054000	3480
303.920000	3503
303.786000	3525
303.652000	3506
303.518000	3491
303.384000	3457
303.250000	3471
303.116000	3484
302.982000	3488
302.848000	3501
302.714000	3514
302.580000	3529
302.446000	3520
302.312000	3506
302.178000	3479
302.044000	3489
301.909000	3485
301.775000	3478
301.641000	3475
301.507000	3457
301.373000	3470
301.239000	3498
301.105000	3507
300.971000	3510
300.837000	3502
300.703000	3510
300.569000	3525
300.435000	3511
300.301000	3508
300.167000	3504
300.033000	3492
299.899000	3491
299.765000	3492
299.631000	3503
299.496000	3538
299.362000	3524
299.228000	3502
299.094000	3489
298.960000	3500
298.826000	3480
298.692000	3456
298.558000	3468
298.424000	3486
298.290000	3503
298.156000	3503
298.022000	3474
297.888000	3506
297.754000	3484
297.620000	3477
297.486000	3453
297.352000	3435
297.218000	3495
297.084000	3516
296.949000	3515
296.815000	3508
296.681000	3497
296.547000	3510
296.413000	3496
296.279000	3521
296.145000	3499
296.011000	3513
295.877000	3537
295.743000	3536
295.609000	3563
295.475000	3504
295.341000	3488
295.207000	3521
295.073000	3483
294.939000	3483
294.805000	3493
294.671000	3504
294.536000	3490
294.402000	3499
294.268000	3518
294.134000	3515
294.000000	3516
293.866000	3512
293.732000	3489
293.598000	3494
293.464000	3479
293.330000	3468
293.196000	3522
293.062000	3533
292.928000	3508
292.794000	3504
292.660000	3519
292.526000	3501
292.392000	3519
292.258000	3527
292.124000	3502
291.989000	3508
291.855000	3518
291.721000	3500
291.587000	3494
291.453000	3495
291.319000	3480
291.185000	3451
291.051000	3495
290.917000	3491
290.783000	3491
290.649000	3486
290.515000	3508
290.381000	3529
290.247000	3515
290.113000	3497
289.979000	3492
289.845000	3458
289.711000	3487
289.576000	3490
289.442000	3479
289.308000	3503
289.174000	3521
289.040000	3538
288.906000	3508
288.772000	3477
288.638000	3506
288.504000	3451
288.370000	3454
288.236000	3469
288.102000	3466
287.968000	3503
287.834000	3515
287.700000	3489
287.566000	3496
287.432000	3515
287.298000	3459
287.164000	3461
287.029000	3494
286.895000	3516
286.761000	3462
286.627000	3460
286.493000	3490
286.359000	3507
286.225000	3524
286.091000	3493
285.957000	3462
285.823000	3479
285.689000	3492
285.555000	3475
285.421000	3480
285.287000	3516
285.153000	3527
285.019000	3516
284.885000	3523
284.751000	3496
284.616000	3480
284.482000	3498
284.348000	3464
284.214000	3459
284.080000	3504
283.946000	3522
283.812000	3506
283.678000	3505
283.544000	3495
283.410000	3505
283.276000	3522
283.142000	3487
283.008000	3459
282.874000	3504
282.740000	3512
282.606000	3470
282.472000	3523
282.338000	3557
282.204000	3523
282.069000	3504
281.935000	3501
281.801000	3511
281.667000	3490
281.533000	3486
281.399000	3496
281.265000	3478
281.131000	3518
280.997000	3524
280.863000	3500
280.729000	3496
280.595000	3483
280.461000	3473
280.327000	3455
280.193000	3525
280.059000	3506
279.925000	3453
279.791000	3485
279.656000	3526
279.522000	3568
279.388000	3514
279.254000	3468
279.120000	3516
278.986000	3542
278.852000	3522
278.718000	3495
278.584000	3464
278.450000	3478
278.316000	3497
278.182000	3498
278.048000	3487
277.914000	3509
277.780000	3502
277.646000	3501
277.512000	3498
277.378000	3520
277.244000	3495
277.109000	3459
276.975000	3479
276.841000	3485
276.707000	3471
276.573000	3516
276.439000	3493
276.305000	3510
276.171000	3512
276.037000	3496
275.903000	3501
275.769000	3508
275.635000	3483
275.501000	3476
275.367000	3450
275.233000	3433
275.099000	3482
274.965000	3479
274.831000	3480
274.696000	3517
274.562000	3543
274.428000	3518
274.294000	3476
274.160000	3445
274.026000	3459
273.892000	3472
273.758000	3485
273.624000	3504
273.490000	3519
273.356000	3488
273.222000	3506
273.088000	3495
272.954000	3500
272.820000	3456
272.686000	3450
272.552000	3468
272.418000	3488
272.284000	3464
272.149000	3486
272.015000	3522
271.881000	3503
271.747000	3495
271.613000	3500
271.479000	3439
271.345000	3468
271.211000	3503
271.077000	3501
270.943000	3482
270.809000	3480
270.675000	3488
270.541000	3494
270.407000	3500
270.273000	3522
270.139000	3456
270.005000	3470
269.871000	3470
269.736000	3462
269.602000	3483
269.468000	3499
269.334000	3503
269.200000	3495
269.066000	3503
268.932000	3486
268.798000	3453
268.664000	3471
268.530000	3495
268.396000	3475
268.262000	3459
268.128000	3483
267.994000	3517
267.860000	3521
267.726000	3523
267.592000	3506
267.458000	3494
267.324000	3500
267.189000	3512
267.055000	3478
266.921000	3494
266.787000	3508
266.653000	3482
266.519000	3521
266.385000	3511
266.251000	3474
266.117000	3479
265.983000	3461
265.849000	3510
265.715000	3486
265.581000	3500
265.447000	3490
265.313000	3485
265.179000	3506
265.045000	3498
264.911000	3486
264.776000	3496
264.642000	3466
264.508000	3456
264.374000	3488
264.240000	3513
264.106000	3511
263.972000	3505
263.838000	3508
263.704000	3506
263.570000	3459
263.436000	3482
263.302000	3479
263.168000	3478
263.034000	3485
262.900000	3503
262.766000	3528
262.632000	3530
262.498000	3513
262.364000	3474
262.229000	3465
262.095000	3491
261.961000	3494
261.827000	3506
261.693000	3484
261.559000	3484
261.425000	3506
261.291000	3495
261.157000	3496
261.023000	3468
260.889000	3443
260.755000	3457
260.621000	3493
260.487000	3482
260.353000	3470
260.219000	3483
260.085000	3500
259.951000	3500
259.816000	3511
259.682000	3497
259.548000	3531
259.414000	3540
259.280000	3492
259.146000	3482
259.012000	3514
258.878000	3490
258.744000	3525
258.610000	3527
258.476000	3500
258.342000	3462
258.208000	3468
258.074000	3499
257.940000	3498
257.806000	3487
257.672000	3445
257.538000	3475
257.404000	3486
257.269000	3500
257.135000	3535
257.001000	3497
256.867000	3503
256.733000	3476
256.599000	3470
256.465000	3498
256.331000	3495
256.197000	3524
256.063000	3539
255.929000	3516
255.795000	3527
255.661000	3527
255.527000	3512
255.393000	3504
255.259000	3500
255.125000	3501
254.991000	3491
254.856000	3492
254.722000	3470
254.588000	3503
254.454000	3475
254.320000	3479
254.186000	3480
254.052000	3463
253.918000	3466
253.784000	3528
253.650000	3551
253.518000	3520
253.385000	3534
253.253000	3520
253.120000	3492
252.988000	3476
252.856000	3457
252.723000	3466
252.591000	3488
252.458000	3512
252.326000	3507
252.193000	3526
252.061000	3463
251.929000	3461
251.796000	3496
251.664000	3487
251.531000	3502
251.399000	3500
251.267000	3470
251.134000	3511
251.002000	3545
250.869000	3526
250.737000	3484
250.605000	3442
250.472000	3469
250.340000	3457
250.207000	3459
250.075000	3483
249.943000	3483
249.810000	3493
249.678000	3515
249.545000	3505
249.413000	3510
249.280000	3522
249.148000	3500
249.016000	3516
248.883000	3502
248.751000	3484
248.618000	3476
248.486000	3498
248.354000	3505
248.221000	3489
248.089000	3504
247.956000	3482
247.824000	3473
247.692000	3515
247.559000	3500
247.427000	3479
247.294000	3509
247.162000	3497
247.029000	3470
246.897000	3512
246.765000	3528
246.632000	3494
246.500000	3458
246.367000	3438
246.235000	3509
246.103000	3525
245.970000	3493
245.838000	3493
245.705000	3477
245.573000	3510
245.441000	3516
245.308000	3438
245.176000	3418
245.043000	3478
244.911000	3506
244.779000	3481
244.646000	3509
244.514000	3519
244.381000	3514
244.249000	3550
244.116000	3542
243.984000	3486
243.852000	3471
243.719000	3515
243.587000	3532
243.454000	3485
243.322000	3478
243.190000	3493
243.057000	3502
242.925000	3518
242.792000	3502
242.660000	3474
242.528000	3480
242.395000	3473
242.263000	3503
242.130000	3512
241.998000	3479
241.865000	3475
241.733000	3526
241.601000	3524
241.468000	3451
241.336000	3444
241.203000	3477
241.071000	3470
240.939000	3457
240.806000	3502
240.674000	3500
240.541000	3500
240.409000	3502
240.277000	3489
240.144000	3467
240.012000	3491
239.879000	3482
239.747000	3476
239.614000	3488
239.482000	3461
239.350000	3485
239.217000	3505
239.085000	3480
238.952000	3489
238.820000	3460
238.688000	3478
238.555000	3497
238.423000	3472
238.290000	3470
238.158000	3475
238.026000	3471
237.893000	3490
237.761000	3514
237.628000	3507
237.496000	3471
237.364000	3473
237.231000	3488
237.099000	3501
236.966000	3486
236.834000	3487
236.701000	3480
236.569000	3494
236.437000	3543
236.304000	3528
236.172000	3478
236.039000	3474
235.907000	3469
235.775000	3482
235.642000	3458
235.510000	3465
235.377000	3506
235.245000	3519
235.113000	3504
234.980000	3500
234.848000	3533
234.715000	3532
234.583000	3518
234.450000	3539
234.318000	3522
234.186000	3485
234.053000	3508
233.921000	3491
233.788000	3521
233.656000	3513
233.524000	3484
233.391000	3492
233.259000	3505
233.126000	3487
232.994000	3508
232.862000	3508
232.729000	3504
232.597000	3525
232.464000	3552
232.332000	3557
232.200000	3521
232.067000	3493
231.935000	3498
231.802000	3488
231.670000	3478
231.537000	3501
231.405000	3474
231.273000	3461
231.140000	3448
231.008000	3435
230.875000	3478
230.743000	3477
230.611000	3459
230.478000	3446
230.346000	3487
230.213000	3498
230.081000	3475
229.949000	3480
229.816000	3478
229.684000	3469
229.551000	3495
229.419000	3496
229.286000	3513
229.154000	3528
229.022000	3510
228.889000	3487
228.757000	3471
228.624000	3516
228.492000	3484
228.360000	3483
228.227000	3483
228.095000	3475
227.962000	3499
227.830000	3540
227.698000	3547
227.565000	3527
227.433000	3547
227.300000	3524
227.168000	3467
227.036000	3496
226.903000	3499
226.771000	3488
226.638000	3508
226.506000	3544
226.373000	3493
226.241000	3499
226.109000	3514
225.976000	3477
225.844000	3459
225.711000	3480
225.579000	3483
225.447000	3520
225.314000	3515
225.182000	3489
225.049000	3465
224.917000	3488
224.785000	3468
224.652000	3498
224.520000	3512
224.387000	3485
224.255000	3497
224.122000	3507
223.990000	3485
223.858000	3521
223.725000	3533
223.593000	3525
223.460000	3518
223.328000	3503
223.196000	3480
223.063000	3488
222.931000	3485
222.798000	3491
222.666000	3486
222.534000	3495
222.401000	3518
222.269000	3530
222.136000	3508
222.004000	3492
221.871000	3489
221.739000	3484
221.607000	3489
221.474000	3490
221.342000	3486
221.209000	3476
221.077000	3485
220.945000	3490
220.812000	3493
220.680000	3488
220.547000	3507
220.415000	3494
220.283000	3477
220.150000	3501
220.018000	3527
219.885000	3522
219.753000	3497
219.621000	3484
219.488000	3491
219.356000	3456
219.223000	3451
219.091000	3476
218.958000	3511
218.826000	3500
218.694000	3503
218.561000	3490
218.429000	3489
218.296000	3506
218.164000	3502
218.032000	3468
217.899000	3475
217.767000	3480
217.634000	3448
217.502000	3451
217.370000	3480
217.237000	3501
217.105000	3509
216.972000	3534
216.840000	3483
216.707000	3469
216.575000	3505
216.443000	3534
216.310000	3525
216.178000	3495
216.045000	3501
215.913000	3488
215.781000	3470
215.648000	3490
215.516000	3500
215.383000	3497
215.251000	3517
215.119000	3526
214.986000	3485
214.854000	3495
214.721000	3475
214.589000	3482
214.457000	3524
214.324000	3498
214.192000	3430
214.059000	3486
213.927000	3470
213.794000	3479
213.662000	3464
213.530000	3500
213.397000	3510
213.265000	3509
213.132000	3522
213.000000	3500
212.868000	3483
212.735000	3521
212.603000	3492
212.470000	3507
212.338000	3550
212.206000	3508
212.073000	3482
211.941000	3475
211.808000	3515
211.676000	3502
211.543000	3468
211.411000	3501
211.279000	3506
211.146000	3504
211.014000	3484
210.881000	3510
210.749000	3518
210.617000	3554
210.484000	3520
210.352000	3473
210.219000	3488
210.087000	3490
209.955000	3444
209.822000	3462
209.690000	3462
209.557000	3470
209.425000	3502
209.292000	3517
209.160000	3499
209.028000	3463
208.895000	3512
208.763000	3491
208.630000	3492
208.498000	3545
208.366000	3509
208.233000	3491
208.101000	3500
207.968000	3502
207.836000	3532
207.704000	3480
207.571000	3470
207.439000	3484
207.306000	3482
207.174000	3470
207.042000	3529
206.909000	3521
206.777000	3466
206.644000	3477
206.512000	3476
206.379000	3483
206.247000	3502
206.115000	3486
205.982000	3480
205.850000	3514
205.717000	3516
205.585000	3493
205.453000	3496
205.320000	3501
205.188000	3503
205.055000	3511
204.923000	3494
204.791000	3493
204.658000	3478
204.526000	3488
204.393000	3481
204.261000	3506
204.128000	3497
203.996000	3501
203.864000	3508
203.731000	3494
203.599000	3475
203.466000	3465
203.334000	3483
203.202000	3516
203.069000	3566
202.937000	3535
202.804000	3512
202.672000	3506
202.540000	3481
202.407000	3474
202.275000	3474
202.142000	3469
202.010000	3475
201.878000	3509
201.745000	3511
201.613000	3511
201.480000	3482
201.348000	3488
201.215000	3503
201.083000	3502
200.951000	3484
200.818000	3497
200.686000	3526
200.553000	3539
200.421000	3538
200.289000	3527
200.156000	3506
200.024000	3460
199.891000	3472
199.759000	3512
199.627000	3503
199.494000	3474
199.362000	3483
199.229000	3525
199.097000	3504
198.964000	3500
198.832000	3515
198.700000	3496
198.567000	3480
198.435000	3480
198.302000	3457
198.170000	3474
198.038000	3488
197.905000	3502
