wavelength_nm	intensity
721.892000	3473
721.735000	3479
721.577000	3488
721.420000	3544
721.262000	3527
721.105000	3510
720.948000	3535
720.790000	3524
720.633000	3512
720.475000	3503
720.318000	3487
720.160000	3473
720.003000	3489
719.845000	3522
719.688000	3523
719.530000	3512
719.373000	3523
719.215000	3525
719.058000	3500
718.900000	3500
718.743000	3511
718.586000	3507
718.428000	3514
718.271000	3532
718.113000	3493
717.956000	3516
717.798000	3566
717.641000	3542
717.483000	3517
717.326000	3500
717.168000	3516
717.011000	3505
716.853000	3477
716.696000	3484
716.538000	3501
716.381000	3502
716.223000	3501
716.066000	3541
715.909000	3543
715.751000	3512
715.594000	3515
715.436000	3513
715.279000	3512
715.121000	3535
714.964000	3532
714.806000	3500
714.649000	3517
714.491000	3501
714.334000	3478
714.176000	3512
714.019000	3529
713.861000	3501
713.704000	3491
713.547000	3497
713.389000	3520
713.232000	3539
713.074000	3561
712.917000	3511
712.759000	3501
712.602000	3495
712.444000	3497
712.287000	3505
712.129000	3500
711.972000	3502
711.814000	3506
711.657000	3541
711.499000	3522
711.342000	3502
711.185000	3503
711.027000	3513
710.870000	3527
710.712000	3519
710.555000	3553
710.397000	3554
710.240000	3525
710.082000	3499
709.925000	3490
709.767000	3479
709.610000	3504
709.452000	3500
709.295000	3506
709.137000	3508
708.980000	3511
708.822000	3519
708.665000	3551
708.508000	3532
708.350000	3494
708.193000	3482
708.035000	3488
707.878000	3501
707.720000	3511
707.563000	3510
707.405000	3495
707.248000	3507
707.090000	3525
706.933000	3539
706.775000	3500
706.618000	3493
706.460000	3498
706.303000	3493
706.146000	3497
705.988000	3522
705.831000	3541
705.673000	3542
705.516000	3544
705.358000	3528
705.201000	3523
705.043000	3522
704.886000	3517
704.728000	3519
704.571000	3517
704.413000	3538
704.256000	3538
704.098000	3550
703.941000	3551
703.784000	3547
703.626000	3496
703.469000	3482
703.311000	3524
703.154000	3527
702.996000	3517
702.839000	3507
702.681000	3481
702.524000	3508
702.366000	3536
702.209000	3531
702.051000	3484
701.894000	3482
701.736000	3487
701.579000	3526
701.422000	3509
701.264000	3499
701.107000	3509
700.949000	3488
700.792000	3488
700.634000	3481
700.477000	3477
700.319000	3496
700.162000	3512
700.004000	3546
699.847000	3528
699.689000	3508
699.532000	3535
699.374000	3536
699.217000	3542
699.059000	3493
698.902000	3496
698.745000	3524
698.587000	3522
698.430000	3512
698.272000	3471
698.115000	3505
697.957000	3528
697.800000	3552
697.642000	3575
697.485000	3516
697.327000	3524
697.170000	3547
697.012000	3555
696.855000	3534
696.697000	3520
696.540000	3528
696.388000	3507
696.235000	3523
696.083000	3549
695.931000	3511
695.778000	3483
695.626000	3526
695.474000	3509
695.321000	3527
695.169000	3528
695.017000	3505
694.864000	3540
694.712000	3549
694.560000	3538
694.407000	3521
694.255000	3520
694.103000	3564
693.950000	3565
693.798000	3553
693.646000	3519
693.493000	3524
693.341000	3532
693.189000	3541
693.036000	3558
692.884000	3533
692.732000	3512
692.579000	3531
692.427000	3534
692.275000	3509
692.122000	3492
691.970000	3514
691.818000	3515
691.665000	3505
691.513000	3480
691.361000	3516
691.208000	3538
691.056000	3515
690.904000	3555
690.751000	3531
690.599000	3495
690.447000	3513
690.294000	3510
690.142000	3528
689.990000	3488
689.837000	3509
689.685000	3521
689.533000	3537
689.380000	3508
689.228000	3518
689.076000	3516
688.923000	3550
688.771000	3558
688.619000	3550
688.466000	3519
688.314000	3503
688.162000	3539
688.009000	3546
687.857000	3530
687.705000	3523
687.552000	3472
687.400000	3501
687.248000	3573
687.095000	3544
686.943000	3477
686.791000	3515
686.638000	3546
686.486000	3552
686.334000	3524
686.181000	3527
686.029000	3537
685.877000	3561
685.724000	3556
685.572000	3495
685.420000	3473
685.267000	3520
685.115000	3509
684.963000	3489
684.811000	3506
684.658000	3527
684.506000	3536
684.354000	3560
684.201000	3511
684.049000	3505
683.897000	3525
683.744000	3549
683.592000	3566
683.440000	3552
683.287000	3530
683.135000	3555
682.983000	3578
682.830000	3546
682.678000	3538
682.526000	3509
682.373000	3542
682.221000	3572
682.069000	3574
681.916000	3556
681.764000	3573
681.612000	3581
681.459000	3546
681.307000	3507
681.155000	3526
681.002000	3493
680.850000	3495
680.698000	3492
680.545000	3531
680.393000	3562
680.241000	3611
680.088000	3612
679.936000	3614
679.784000	3543
679.631000	3538
679.479000	3500
679.327000	3506
679.174000	3521
679.022000	3540
678.870000	3532
678.717000	3558
678.565000	3560
678.413000	3583
678.260000	3612
678.108000	3598
677.956000	3571
677.803000	3540
677.651000	3560
677.499000	3557
677.346000	3574
677.194000	3584
677.042000	3582
676.889000	3561
676.737000	3547
676.585000	3529
676.432000	3518
676.280000	3544
676.128000	3607
675.975000	3584
675.823000	3570
675.671000	3592
675.518000	3573
675.366000	3541
675.214000	3546
675.061000	3566
674.909000	3579
674.757000	3583
674.604000	3580
674.452000	3585
674.300000	3581
674.147000	3578
673.995000	3583
673.843000	3547
673.690000	3533
673.538000	3553
673.386000	3580
673.233000	3580
673.081000	3571
672.929000	3573
672.776000	3652
672.624000	3645
672.472000	3621
672.319000	3598
672.167000	3587
672.015000	3564
671.862000	3561
671.710000	3603
671.558000	3612
671.405000	3630
671.253000	3627
671.101000	3588
670.948000	3569
670.796000	3572
670.644000	3595
670.491000	3588
670.339000	3578
670.187000	3576
670.034000	3590
669.882000	3584
669.730000	3608
669.577000	3609
669.425000	3645
669.273000	3632
669.120000	3602
668.968000	3610
668.816000	3620
668.663000	3639
668.511000	3617
668.359000	3632
668.206000	3659
668.054000	3631
667.902000	3633
667.749000	3582
667.597000	3558
667.445000	3587
667.292000	3639
667.140000	3625
666.988000	3591
666.835000	3617
666.683000	3634
666.531000	3651
666.378000	3606
666.226000	3614
666.074000	3557
665.921000	3554
665.769000	3572
665.617000	3550
665.464000	3558
665.312000	3572
665.160000	3576
665.007000	3579
664.855000	3591
664.703000	3609
664.550000	3548
664.398000	3543
664.246000	3602
664.093000	3622
663.941000	3606
663.789000	3567
663.636000	3563
663.484000	3577
663.332000	3587
663.179000	3574
663.027000	3580
662.875000	3598
662.722000	3638
662.570000	3590
662.418000	3595
662.265000	3574
662.113000	3559
661.961000	3592
661.808000	3579
661.656000	3517
661.504000	3533
661.351000	3573
661.199000	3580
661.047000	3630
660.894000	3636
660.742000	3604
660.590000	3575
660.438000	3580
660.285000	3642
660.133000	3604
659.981000	3609
659.828000	3620
659.676000	3564
659.524000	3559
659.371000	3531
659.219000	3549
659.067000	3600
658.914000	3581
658.762000	3591
658.610000	3570
658.457000	3599
658.305000	3618
658.153000	3585
658.000000	3618
657.848000	3628
657.696000	3610
657.543000	3575
657.391000	3589
657.239000	3587
657.086000	3564
656.934000	3574
656.782000	3564
656.629000	3576
656.477000	3576
656.325000	3603
656.172000	3587
656.020000	3575
655.868000	3615
655.715000	3577
655.563000	3521
655.411000	3529
655.258000	3581
655.106000	3571
654.954000	3564
654.801000	3589
654.649000	3617
654.497000	3615
654.344000	3623
654.192000	3559
654.040000	3544
653.887000	3567
653.735000	3554
653.583000	3588
653.430000	3607
653.278000	3595
653.126000	3610
652.973000	3638
652.821000	3635
652.669000	3575
652.516000	3588
652.364000	3602
652.212000	3585
652.059000	3589
651.907000	3613
651.755000	3594
651.602000	3602
651.450000	3618
651.298000	3612
651.145000	3568
650.993000	3577
650.841000	3585
650.688000	3607
650.536000	3594
650.384000	3587
650.231000	3612
650.079000	3627
649.927000	3638
649.774000	3636
649.622000	3614
649.470000	3577
649.317000	3552
649.165000	3585
649.013000	3626
648.860000	3614
648.708000	3628
648.556000	3635
648.403000	3612
648.251000	3644
648.099000	3659
647.946000	3588
647.794000	3585
647.642000	3579
647.489000	3596
647.337000	3604
647.185000	3578
647.032000	3571
646.880000	3589
646.728000	3616
646.575000	3630
646.423000	3637
646.271000	3642
646.118000	3625
645.966000	3631
645.814000	3660
645.661000	3642
645.509000	3651
645.357000	3630
645.204000	3595
645.052000	3632
644.900000	3624
644.747000	3613
644.595000	3620
644.443000	3671
644.290000	3648
644.138000	3647
643.986000	3640
643.833000	3625
643.681000	3588
643.529000	3566
643.376000	3632
643.224000	3691
643.072000	3690
642.919000	3646
642.767000	3660
642.615000	3651
642.462000	3655
642.310000	3651
642.158000	3588
642.005000	3584
641.853000	3643
641.701000	3645
641.548000	3615
641.396000	3618
641.244000	3657
641.091000	3624
640.939000	3630
640.787000	3624
640.634000	3581
640.482000	3615
640.330000	3644
640.177000	3693
640.025000	3681
639.873000	3669
639.720000	3684
639.568000	3658
639.416000	3663
639.263000	3638
639.111000	3665
638.959000	3658
638.806000	3678
638.654000	3661
638.502000	3672
638.349000	3666
638.197000	3667
638.045000	3657
637.892000	3660
637.740000	3628
637.588000	3617
637.435000	3648
637.283000	3655
637.131000	3622
636.979000	3655
636.826000	3655
636.674000	3709
636.521000	3679
636.369000	3649
636.217000	3606
636.065000	3612
635.912000	3626
635.760000	3608
635.608000	3635
635.455000	3656
635.303000	3620
635.151000	3668
634.998000	3693
634.846000	3643
634.694000	3616
634.541000	3635
634.389000	3654
634.237000	3667
634.084000	3674
633.932000	3696
633.780000	3698
633.627000	3658
633.475000	3638
633.323000	3622
633.170000	3621
633.018000	3630
632.866000	3639
632.713000	3630
632.561000	3668
632.409000	3685
632.256000	3662
632.104000	3675
631.952000	3681
631.799000	3621
631.647000	3619
631.495000	3631
631.342000	3634
631.190000	3664
631.038000	3683
630.885000	3669
630.733000	3686
630.581000	3682
630.428000	3655
630.276000	3627
630.124000	3669
629.971000	3699
629.819000	3681
629.667000	3671
629.514000	3643
629.362000	3668
629.210000	3679
629.057000	3664
628.905000	3647
628.753000	3662
628.600000	3668
628.448000	3631
628.296000	3617
628.143000	3645
627.991000	3641
627.839000	3651
627.686000	3666
627.534000	3688
627.382000	3644
627.229000	3618
627.077000	3660
626.925000	3668
626.772000	3679
626.620000	3682
626.468000	3673
626.315000	3675
626.163000	3672
626.011000	3658
625.858000	3639
625.706000	3649
625.554000	3653
625.401000	3636
625.249000	3648
625.097000	3664
624.944000	3674
624.792000	3659
624.640000	3692
624.487000	3711
624.335000	3690
624.183000	3687
624.030000	3690
623.878000	3684
623.726000	3671
623.573000	3720
623.421000	3712
623.269000	3696
623.116000	3716
622.964000	3704
622.812000	3662
622.659000	3642
622.507000	3671
622.355000	3688
622.202000	3682
622.050000	3712
621.898000	3729
621.745000	3695
621.593000	3701
621.441000	3710
621.288000	3663
621.136000	3671
620.984000	3668
620.831000	3705
620.679000	3679
620.527000	3662
620.374000	3669
620.222000	3703
620.070000	3703
619.917000	3687
619.765000	3645
619.613000	3687
619.460000	3715
619.308000	3696
619.156000	3725
619.003000	3739
618.851000	3728
618.699000	3708
618.546000	3688
618.394000	3680
618.242000	3692
618.089000	3692
617.937000	3670
617.785000	3662
617.632000	3681
617.480000	3716
617.328000	3705
617.175000	3707
617.023000	3693
616.871000	3674
616.718000	3654
616.566000	3674
616.414000	3681
616.261000	3682
616.109000	3703
615.957000	3717
615.804000	3714
615.652000	3691
615.500000	3704
615.347000	3695
615.195000	3684
615.043000	3667
614.890000	3674
614.738000	3711
614.586000	3704
614.433000	3684
614.281000	3672
614.129000	3658
613.976000	3678
613.824000	3648
613.672000	3678
613.519000	3719
613.367000	3665
613.215000	3665
613.063000	3689
612.910000	3677
612.758000	3701
612.606000	3750
612.453000	3744
612.301000	3694
612.149000	3704
611.996000	3718
611.844000	3706
611.692000	3711
611.539000	3736
611.387000	3742
611.235000	3729
611.082000	3753
610.930000	3750
610.778000	3710
610.625000	3700
610.473000	3706
610.321000	3694
610.168000	3687
610.016000	3679
609.864000	3725
609.711000	3724
609.559000	3675
609.407000	3676
609.254000	3701
609.102000	3747
608.950000	3760
608.797000	3742
608.645000	3747
608.493000	3719
608.340000	3671
608.188000	3699
608.036000	3741
607.883000	3732
607.731000	3736
607.579000	3723
607.426000	3744
607.274000	3757
607.122000	3747
606.969000	3716
606.817000	3694
606.665000	3691
606.512000	3712
606.360000	3719
606.208000	3743
606.055000	3742
605.903000	3747
605.751000	3732
605.598000	3732
605.446000	3764
605.294000	3709
605.141000	3724
604.989000	3772
604.837000	3736
604.684000	3705
604.532000	3692
604.380000	3693
604.227000	3703
604.075000	3730
603.923000	3754
603.770000	3706
603.618000	3699
603.466000	3708
603.313000	3674
603.161000	3713
603.009000	3709
602.856000	3703
602.704000	3703
602.552000	3703
602.399000	3753
602.247000	3780
602.095000	3745
601.942000	3678
601.790000	3685
601.638000	3731
601.485000	3718
601.333000	3699
601.181000	3727
601.028000	3764
600.876000	3725
600.724000	3735
600.571000	3773
600.419000	3716
600.267000	3737
600.114000	3750
599.962000	3734
599.810000	3762
599.657000	3749
599.505000	3751
599.353000	3755
599.200000	3761
599.048000	3774
598.896000	3735
598.743000	3748
598.591000	3751
598.439000	3718
598.286000	3726
598.134000	3756
597.982000	3759
597.829000	3752
597.677000	3729
597.525000	3767
597.372000	3720
597.220000	3715
597.068000	3712
596.915000	3758
596.763000	3772
596.611000	3718
596.458000	3708
596.306000	3730
596.154000	3745
596.001000	3713
595.849000	3747
595.697000	3736
595.544000	3694
595.392000	3702
595.240000	3745
595.087000	3759
594.935000	3734
594.783000	3722
594.630000	3726
594.478000	3704
594.326000	3731
594.173000	3717
594.021000	3745
593.869000	3748
593.716000	3717
593.564000	3684
593.412000	3703
593.259000	3727
593.107000	3729
592.955000	3717
592.802000	3736
592.650000	3705
592.498000	3716
592.345000	3736
592.193000	3785
592.041000	3749
591.888000	3732
591.736000	3723
591.584000	3749
591.431000	3695
591.279000	3693
591.127000	3713
590.974000	3715
590.822000	3728
590.670000	3743
590.517000	3757
590.365000	3747
590.213000	3729
590.060000	3738
589.908000	3748
589.756000	3762
589.603000	3730
589.451000	3733
589.299000	3727
589.146000	3691
588.994000	3733
588.842000	3775
588.689000	3720
588.537000	3716
588.385000	3747
588.233000	3724
588.080000	3703
587.928000	3743
587.776000	3757
587.623000	3756
587.471000	3750
587.319000	3744
587.166000	3729
587.014000	3681
586.862000	3736
586.709000	3767
586.557000	3727
586.405000	3735
586.252000	3737
586.100000	3708
585.948000	3738
585.795000	3748
585.643000	3715
585.491000	3739
585.338000	3737
585.186000	3715
585.034000	3699
584.881000	3699
584.729000	3734
584.577000	3715
584.424000	3721
584.272000	3745
584.120000	3753
583.967000	3727
583.815000	3723
583.663000	3701
583.510000	3713
583.358000	3736
583.206000	3762
583.053000	3747
582.901000	3742
582.749000	3741
582.596000	3707
582.444000	3668
582.292000	3686
582.139000	3720
581.987000	3706
581.835000	3732
581.682000	3751
581.530000	3758
581.378000	3765
581.225000	3759
581.073000	3761
580.921000	3720
580.768000	3692
580.616000	3717
580.464000	3759
580.311000	3737
580.159000	3728
580.007000	3748
579.854000	3729
579.702000	3733
579.550000	3747
579.397000	3713
579.245000	3729
579.093000	3773
578.940000	3739
578.788000	3717
578.636000	3718
578.483000	3772
578.331000	3795
578.179000	3774
578.026000	3759
577.874000	3737
577.722000	3712
577.569000	3710
577.417000	3725
577.265000	3740
577.112000	3712
576.960000	3764
576.810000	3780
576.660000	3747
576.510000	3723
576.360000	3729
576.210000	3721
576.060000	3709
575.910000	3714
575.760000	3721
575.610000	3728
575.460000	3764
575.311000	3749
575.161000	3749
575.011000	3730
574.861000	3703
574.711000	3661
574.561000	3719
574.411000	3700
574.261000	3738
574.111000	3735
573.961000	3734
573.811000	3729
573.661000	3743
573.511000	3741
573.361000	3724
573.211000	3731
573.061000	3708
572.911000	3732
572.761000	3754
572.611000	3731
572.461000	3691
572.312000	3707
572.162000	3701
572.012000	3670
571.862000	3697
571.712000	3710
571.562000	3724
571.412000	3746
571.262000	3768
571.112000	3781
570.962000	3761
570.812000	3737
570.662000	3725
570.512000	3734
570.362000	3713
570.212000	3711
570.062000	3703
569.912000	3768
569.762000	3740
569.612000	3697
569.462000	3720
569.312000	3702
569.163000	3674
569.013000	3699
568.863000	3705
568.713000	3714
568.563000	3699
568.413000	3715
568.263000	3733
568.113000	3735
567.963000	3710
567.813000	3671
567.663000	3694
567.513000	3729
567.363000	3729
567.213000	3696
567.063000	3676
566.913000	3736
566.763000	3752
566.613000	3726
566.463000	3738
566.313000	3752
566.164000	3729
566.014000	3709
565.864000	3688
565.714000	3700
565.564000	3727
565.414000	3704
565.264000	3712
565.114000	3753
564.964000	3730
564.814000	3680
564.664000	3728
564.514000	3718
564.364000	3689
564.214000	3701
564.064000	3692
563.914000	3700
563.764000	3732
563.614000	3734
563.464000	3736
563.314000	3715
563.164000	3723
563.015000	3678
562.865000	3666
562.715000	3722
562.565000	3677
562.415000	3686
562.265000	3733
562.115000	3718
561.965000	3697
561.815000	3706
561.665000	3725
561.515000	3733
561.365000	3711
561.215000	3687
561.065000	3733
560.915000	3753
560.765000	3737
560.615000	3720
560.465000	3721
560.315000	3686
560.165000	3649
560.015000	3650
559.866000	3687
559.716000	3725
559.566000	3724
559.416000	3701
559.266000	3732
559.116000	3761
558.966000	3745
558.816000	3715
558.666000	3730
558.516000	3710
558.366000	3717
558.216000	3725
558.066000	3706
557.916000	3715
557.766000	3719
557.616000	3719
557.466000	3741
557.316000	3748
557.166000	3705
557.016000	3686
556.866000	3720
556.717000	3741
556.567000	3713
556.417000	3680
556.267000	3750
556.117000	3756
555.967000	3688
555.817000	3667
555.667000	3683
555.517000	3700
555.367000	3694
555.217000	3714
555.067000	3704
554.917000	3682
554.767000	3715
554.617000	3730
554.467000	3728
554.317000	3707
554.167000	3697
554.017000	3678
553.867000	3706
553.718000	3742
553.568000	3747
553.418000	3739
553.268000	3713
553.118000	3733
552.968000	3681
552.818000	3679
552.668000	3704
552.518000	3691
552.368000	3696
552.218000	3734
552.068000	3724
551.918000	3722
551.768000	3715
551.618000	3749
551.468000	3732
551.318000	3733
551.168000	3732
551.018000	3727
550.868000	3707
550.718000	3699
550.569000	3710
550.419000	3726
550.269000	3737
550.119000	3710
549.969000	3699
549.819000	3679
549.669000	3701
549.519000	3713
549.369000	3731
549.219000	3719
549.069000	3723
548.919000	3728
548.769000	3712
548.619000	3706
548.469000	3712
548.319000	3709
548.169000	3722
548.019000	3732
547.869000	3703
547.719000	3710
547.570000	3690
547.420000	3687
547.270000	3675
547.120000	3681
546.970000	3703
546.820000	3693
546.670000	3699
546.520000	3708
546.370000	3732
546.220000	3724
546.070000	3715
545.923000	3683
545.777000	3691
545.630000	3695
545.484000	3691
545.337000	3719
545.191000	3695
545.044000	3680
544.897000	3694
544.751000	3713
544.604000	3711
544.458000	3728
544.311000	3717
544.164000	3689
544.018000	3692
543.871000	3667
543.725000	3654
543.578000	3677
543.432000	3695
543.285000	3696
543.138000	3721
542.992000	3710
542.845000	3670
542.699000	3672
542.552000	3679
542.405000	3689
542.259000	3739
542.112000	3755
541.966000	3720
541.819000	3681
541.673000	3699
541.526000	3695
541.379000	3661
541.233000	3710
541.086000	3703
540.940000	3661
540.793000	3683
540.646000	3680
540.500000	3715
540.353000	3717
540.207000	3708
540.060000	3728
539.914000	3688
539.767000	3692
539.620000	3753
539.474000	3732
539.327000	3670
539.181000	3640
539.034000	3677
538.887000	3710
538.741000	3690
538.594000	3681
538.448000	3644
538.301000	3659
538.155000	3649
538.008000	3635
537.861000	3690
537.715000	3685
537.568000	3675
537.422000	3709
537.275000	3736
537.128000	3742
536.982000	3696
536.835000	3686
536.689000	3676
536.542000	3654
536.396000	3682
536.249000	3712
536.102000	3682
535.956000	3699
535.809000	3698
535.663000	3658
535.516000	3695
535.369000	3690
535.223000	3650
535.076000	3683
534.930000	3735
534.783000	3712
534.637000	3697
534.490000	3709
534.343000	3717
534.197000	3666
534.050000	3636
533.904000	3700
533.757000	3702
533.610000	3692
533.464000	3695
533.317000	3673
533.171000	3726
533.024000	3746
532.878000	3696
532.731000	3644
532.584000	3670
532.438000	3693
532.291000	3683
532.145000	3672
531.998000	3681
531.851000	3688
531.705000	3716
531.558000	3672
531.412000	3666
531.265000	3675
531.119000	3708
530.972000	3689
530.825000	3692
530.679000	3682
530.532000	3657
530.386000	3688
530.239000	3717
530.093000	3680
529.946000	3639
529.799000	3641
529.653000	3644
529.506000	3644
529.360000	3668
529.213000	3719
529.066000	3715
528.920000	3677
528.773000	3696
528.627000	3715
528.480000	3702
528.334000	3658
528.187000	3648
528.040000	3673
527.894000	3701
527.747000	3692
527.601000	3658
527.454000	3651
527.307000	3653
527.161000	3692
527.014000	3693
526.868000	3649
526.721000	3655
526.575000	3679
526.428000	3688
526.281000	3690
526.135000	3683
525.988000	3666
525.842000	3696
525.695000	3719
525.548000	3700
525.402000	3675
525.255000	3670
525.109000	3679
524.962000	3655
524.816000	3675
524.669000	3717
524.522000	3697
524.376000	3675
524.229000	3681
524.083000	3689
523.936000	3700
523.789000	3692
523.643000	3679
523.496000	3681
523.350000	3698
523.203000	3685
523.057000	3685
522.910000	3661
522.763000	3644
522.617000	3672
522.470000	3672
522.324000	3648
522.177000	3696
522.030000	3665
521.884000	3646
521.737000	3691
521.591000	3699
521.444000	3661
521.298000	3641
521.151000	3654
521.004000	3665
520.858000	3745
520.711000	3699
520.565000	3666
520.418000	3686
520.271000	3691
520.125000	3670
519.978000	3701
519.832000	3680
519.685000	3665
519.539000	3643
519.392000	3662
519.245000	3675
519.099000	3732
518.952000	3718
518.806000	3679
518.659000	3674
518.513000	3714
518.366000	3670
518.219000	3644
518.073000	3654
517.926000	3678
517.780000	3660
517.633000	3659
517.486000	3680
517.340000	3654
517.193000	3660
517.047000	3666
516.900000	3641
516.754000	3633
516.607000	3640
516.460000	3635
516.314000	3623
516.167000	3628
516.021000	3656
515.874000	3631
515.727000	3647
515.581000	3701
515.434000	3694
515.288000	3688
515.141000	3669
514.995000	3688
514.848000	3719
514.701000	3696
514.555000	3651
514.408000	3642
514.262000	3651
514.115000	3651
513.968000	3678
513.822000	3638
513.675000	3646
513.529000	3688
513.382000	3671
513.236000	3643
513.089000	3644
512.942000	3681
512.796000	3689
512.649000	3636
512.503000	3644
512.356000	3651
512.209000	3668
512.063000	3645
511.916000	3646
511.770000	3658
511.623000	3683
511.477000	3714
511.330000	3674
511.183000	3635
511.037000	3655
510.890000	3655
510.744000	3639
510.597000	3662
510.450000	3685
510.304000	3656
510.157000	3654
510.011000	3683
509.864000	3688
509.718000	3655
509.571000	3627
509.424000	3653
509.278000	3652
509.131000	3664
508.985000	3658
508.838000	3658
508.691000	3637
508.545000	3640
508.398000	3633
508.252000	3639
508.105000	3655
507.959000	3640
507.812000	3634
507.665000	3621
507.519000	3625
507.372000	3647
507.226000	3617
507.079000	3571
506.932000	3576
506.786000	3606
506.639000	3628
506.493000	3617
506.346000	3602
506.200000	3626
506.053000	3628
505.906000	3648
505.760000	3640
505.613000	3652
505.467000	3602
505.320000	3563
505.173000	3597
505.027000	3620
504.880000	3611
504.734000	3635
504.587000	3664
504.441000	3636
504.294000	3607
504.147000	3642
504.001000	3582
503.854000	3593
503.708000	3641
503.561000	3634
503.415000	3635
503.268000	3660
503.121000	3640
502.975000	3632
502.828000	3620
502.682000	3626
502.535000	3645
502.388000	3604
502.242000	3599
502.095000	3603
501.949000	3590
501.802000	3591
501.656000	3613
501.509000	3602
501.362000	3605
501.216000	3650
501.069000	3585
500.923000	3548
500.776000	3625
500.629000	3620
500.483000	3596
500.336000	3634
500.190000	3628
500.043000	3632
499.897000	3622
499.750000	3592
499.603000	3605
499.457000	3617
499.310000	3578
499.164000	3624
499.017000	3631
498.870000	3603
498.724000	3589
498.577000	3615
498.431000	3650
498.284000	3606
498.138000	3582
497.991000	3596
497.844000	3567
497.698000	3561
497.551000	3601
497.405000	3629
497.258000	3595
497.111000	3605
496.965000	3628
496.818000	3600
496.672000	3585
496.525000	3576
496.379000	3621
496.232000	3622
496.085000	3591
495.939000	3587
495.792000	3590
495.646000	3603
495.499000	3585
495.352000	3559
495.206000	3568
495.059000	3572
494.913000	3577
494.766000	3603
494.620000	3605
494.473000	3576
494.326000	3602
494.180000	3616
494.033000	3594
493.887000	3573
493.740000	3568
493.593000	3560
493.447000	3563
493.300000	3558
493.154000	3560
493.007000	3606
492.861000	3622
492.714000	3574
492.567000	3552
492.421000	3608
492.274000	3588
492.128000	3569
491.981000	3574
491.834000	3603
491.688000	3630
491.541000	3617
491.395000	3599
491.248000	3598
491.102000	3595
490.955000	3586
490.808000	3578
490.662000	3579
490.515000	3572
490.369000	3599
490.222000	3605
490.076000	3569
489.929000	3550
489.782000	3595
489.636000	3585
489.489000	3564
489.343000	3560
489.196000	3535
489.049000	3545
488.903000	3574
488.756000	3580
488.610000	3556
488.463000	3533
488.317000	3566
488.170000	3545
488.023000	3517
487.877000	3533
487.730000	3557
487.584000	3562
487.437000	3591
487.290000	3599
487.144000	3585
486.997000	3587
486.851000	3596
486.704000	3538
486.558000	3560
486.411000	3582
486.264000	3580
486.118000	3570
485.971000	3606
485.825000	3595
485.678000	3574
485.531000	3566
485.385000	3551
485.238000	3529
485.092000	3537
484.945000	3547
484.799000	3563
484.652000	3553
484.505000	3580
484.359000	3607
484.212000	3592
484.066000	3582
483.919000	3563
483.772000	3566
483.626000	3573
483.479000	3571
483.333000	3592
483.186000	3569
483.040000	3566
482.893000	3549
482.746000	3563
482.600000	3594
482.453000	3555
482.307000	3576
482.160000	3591
482.013000	3588
481.867000	3593
481.720000	3530
481.574000	3537
481.427000	3561
481.281000	3565
481.134000	3567
480.987000	3509
480.841000	3541
480.694000	3570
480.548000	3578
480.401000	3611
480.254000	3612
480.108000	3604
479.961000	3579
479.815000	3578
479.668000	3599
479.522000	3601
479.375000	3600
479.228000	3555
479.082000	3554
478.935000	3573
478.789000	3593
478.642000	3592
478.495000	3571
478.349000	3573
478.202000	3566
478.056000	3554
477.909000	3557
477.763000	3559
477.616000	3526
477.469000	3562
477.323000	3583
477.176000	3609
477.030000	3593
476.883000	3616
476.736000	3587
476.590000	3588
476.443000	3587
476.297000	3545
476.150000	3580
476.004000	3591
475.857000	3589
475.710000	3593
475.564000	3584
475.417000	3593
475.271000	3546
475.124000	3565
474.978000	3584
474.831000	3592
474.684000	3591
474.538000	3600
474.391000	3585
474.245000	3602
474.098000	3555
473.951000	3571
473.805000	3606
473.658000	3606
473.512000	3594
473.365000	3600
473.219000	3606
473.072000	3631
472.925000	3649
472.779000	3638
472.632000	3600
472.486000	3607
472.339000	3615
472.192000	3622
472.046000	3636
471.899000	3577
471.753000	3592
471.606000	3584
471.460000	3599
471.313000	3641
471.166000	3628
471.020000	3594
470.873000	3603
470.727000	3613
470.580000	3609
470.433000	3622
470.287000	3618
470.140000	3602
469.994000	3611
469.847000	3642
469.701000	3668
469.554000	3647
469.407000	3642
469.261000	3636
469.114000	3636
468.968000	3636
468.821000	3632
468.674000	3624
468.528000	3630
468.381000	3627
468.235000	3657
468.088000	3620
467.942000	3648
467.795000	3634
467.648000	3591
467.502000	3599
467.355000	3622
467.209000	3598
467.062000	3589
466.915000	3650
466.769000	3662
466.622000	3606
466.476000	3580
466.329000	3584
466.183000	3631
466.036000	3631
465.889000	3666
465.743000	3691
465.596000	3694
465.450000	3700
465.303000	3655
465.156000	3631
465.010000	3612
464.863000	3622
464.717000	3631
464.570000	3688
464.424000	3653
464.277000	3641
464.130000	3647
463.984000	3683
463.837000	3670
463.691000	3696
463.544000	3701
463.397000	3655
463.251000	3640
463.104000	3676
462.958000	3671
462.811000	3659
462.665000	3661
462.518000	3683
462.371000	3662
462.225000	3651
462.078000	3661
461.932000	3668
461.785000	3685
461.639000	3705
461.492000	3720
461.345000	3704
461.199000	3701
461.052000	3721
460.906000	3698
460.759000	3700
460.612000	3745
460.466000	3704
460.319000	3678
460.173000	3693
460.026000	3740
459.880000	3760
459.733000	3770
459.586000	3779
459.440000	3771
459.293000	3759
459.147000	3743
459.000000	3761
458.853000	3764
458.707000	3771
458.560000	3785
458.414000	3786
458.267000	3773
458.121000	3800
457.974000	3791
457.827000	3784
457.681000	3788
457.534000	3781
457.388000	3795
457.241000	3790
457.094000	3822
456.948000	3833
456.801000	3842
456.655000	3848
456.508000	3833
456.362000	3796
456.215000	3802
456.068000	3795
455.922000	3831
455.775000	3835
455.629000	3827
455.482000	3873
455.335000	3868
455.189000	3835
455.042000	3817
454.896000	3827
454.749000	3806
454.603000	3809
454.456000	3858
454.309000	3895
454.163000	3902
454.016000	3863
453.870000	3845
453.723000	3818
453.576000	3830
453.430000	3867
453.283000	3880
453.137000	3884
452.990000	3866
452.844000	3842
452.697000	3867
452.550000	3885
452.404000	3853
452.257000	3849
452.111000	3823
451.964000	3834
451.817000	3821
451.671000	3800
451.524000	3844
451.378000	3847
451.231000	3836
451.085000	3817
450.938000	3832
450.791000	3791
450.645000	3754
450.498000	3797
450.352000	3788
450.205000	3813
450.058000	3788
449.912000	3776
449.765000	3795
449.619000	3789
449.472000	3738
449.326000	3692
449.179000	3714
449.032000	3734
448.886000	3730
448.739000	3763
448.593000	3755
448.446000	3740
448.300000	3741
448.153000	3696
448.006000	3683
447.860000	3672
447.713000	3650
447.567000	3696
447.420000	3733
447.273000	3740
447.127000	3734
446.980000	3697
446.834000	3689
446.687000	3675
446.541000	3678
446.394000	3692
446.247000	3688
446.101000	3699
445.954000	3683
445.808000	3683
445.661000	3667
445.514000	3648
445.368000	3660
445.221000	3671
445.075000	3657
444.928000	3656
444.782000	3603
444.635000	3622
444.488000	3643
444.342000	3639
444.195000	3646
444.049000	3644
443.902000	3653
443.755000	3622
443.609000	3613
443.462000	3653
443.316000	3674
443.169000	3655
443.023000	3641
442.876000	3625
442.729000	3579
442.583000	3602
442.436000	3619
442.290000	3595
442.143000	3597
441.996000	3561
441.850000	3558
441.703000	3594
441.557000	3571
441.410000	3616
441.264000	3634
441.117000	3672
440.970000	3670
440.824000	3635
440.677000	3636
440.531000	3624
440.384000	3618
440.237000	3627
440.091000	3617
439.944000	3585
439.798000	3583
439.651000	3594
439.505000	3629
439.358000	3628
439.211000	3619
439.065000	3592
438.918000	3589
438.772000	3606
438.625000	3553
438.478000	3543
438.332000	3585
438.185000	3600
438.039000	3590
437.892000	3576
437.746000	3569
437.599000	3566
437.452000	3561
437.306000	3589
437.159000	3594
437.013000	3569
436.866000	3568
436.719000	3580
436.573000	3567
436.426000	3547
436.280000	3569
436.133000	3554
435.987000	3557
435.840000	3571
435.697000	3589
435.554000	3604
435.411000	3564
435.268000	3548
435.125000	3547
434.982000	3568
434.839000	3569
434.696000	3571
434.553000	3579
434.410000	3564
434.267000	3545
434.124000	3560
433.981000	3606
433.838000	3611
433.695000	3564
433.552000	3540
433.409000	3532
433.265000	3584
433.122000	3556
432.979000	3555
432.836000	3560
432.693000	3584
432.550000	3584
432.407000	3589
432.264000	3551
432.121000	3532
431.978000	3507
431.835000	3544
431.692000	3539
431.549000	3562
431.406000	3556
431.263000	3537
431.120000	3527
430.977000	3523
430.834000	3502
430.691000	3503
430.548000	3507
430.405000	3576
430.262000	3603
430.119000	3587
429.976000	3585
429.833000	3550
429.690000	3540
429.547000	3534
429.404000	3500
429.261000	3518
429.118000	3526
428.975000	3553
428.832000	3532
428.689000	3519
428.546000	3550
428.403000	3559
428.260000	3547
428.117000	3517
427.973000	3519
427.830000	3503
427.687000	3531
427.544000	3537
427.401000	3547
427.258000	3547
427.115000	3510
426.972000	3543
426.829000	3594
426.686000	3552
426.543000	3539
426.400000	3534
426.257000	3480
426.114000	3483
425.971000	3530
425.828000	3524
425.685000	3495
425.542000	3503
425.399000	3535
425.256000	3528
425.113000	3522
424.970000	3519
424.827000	3470
424.684000	3471
424.541000	3502
424.398000	3518
424.255000	3546
424.112000	3538
423.969000	3503
423.826000	3489
423.683000	3526
423.540000	3528
423.397000	3523
423.254000	3532
423.111000	3526
422.968000	3541
422.825000	3527
422.681000	3523
422.538000	3510
422.395000	3497
422.252000	3516
422.109000	3518
421.966000	3508
421.823000	3492
421.680000	3472
421.537000	3545
421.394000	3584
421.251000	3568
421.108000	3536
420.965000	3481
420.822000	3500
420.679000	3539
420.536000	3554
420.393000	3546
420.250000	3515
420.107000	3526
419.964000	3527
419.821000	3534
419.678000	3493
419.535000	3491
419.392000	3506
419.249000	3504
419.106000	3500
418.963000	3499
418.820000	3543
418.677000	3578
418.534000	3562
418.391000	3547
418.248000	3486
418.105000	3483
417.962000	3530
417.819000	3532
417.676000	3503
417.532000	3509
417.389000	3503
417.246000	3512
417.103000	3538
416.960000	3547
416.817000	3510
416.674000	3520
416.531000	3528
416.388000	3514
416.245000	3514
416.102000	3521
415.959000	3523
415.816000	3532
415.673000	3534
415.530000	3501
415.387000	3523
415.244000	3523
415.101000	3484
414.958000	3498
414.815000	3518
414.672000	3500
414.529000	3505
414.386000	3515
414.243000	3502
414.100000	3486
413.957000	3513
413.814000	3490
413.671000	3521
413.528000	3549
413.385000	3547
413.242000	3554
413.099000	3536
412.956000	3501
412.813000	3480
412.670000	3471
412.527000	3493
412.383000	3509
412.240000	3512
412.097000	3499
411.954000	3511
411.811000	3542
411.668000	3526
411.525000	3493
411.382000	3485
411.239000	3480
411.096000	3514
410.953000	3507
410.810000	3485
410.667000	3527
410.524000	3529
410.381000	3527
410.238000	3515
410.095000	3528
409.952000	3534
409.809000	3468
409.666000	3484
409.523000	3492
409.380000	3473
409.237000	3490
409.094000	3540
408.951000	3516
408.808000	3502
408.665000	3506
408.522000	3494
408.379000	3506
408.236000	3545
408.093000	3541
407.950000	3481
407.807000	3491
407.664000	3523
407.521000	3540
407.378000	3540
407.235000	3519
407.091000	3481
406.948000	3483
406.805000	3503
406.662000	3480
406.519000	3477
406.376000	3524
406.233000	3497
406.090000	3501
405.947000	3544
405.804000	3524
405.661000	3504
405.518000	3484
405.375000	3497
405.232000	3513
405.089000	3477
404.946000	3457
404.803000	3490
404.660000	3506
404.521000	3508
404.382000	3504
404.243000	3478
404.104000	3516
403.965000	3509
403.826000	3483
403.687000	3504
403.549000	3519
403.410000	3506
403.271000	3506
403.132000	3506
402.993000	3513
402.854000	3491
402.715000	3497
402.576000	3498
402.437000	3480
402.298000	3522
402.159000	3519
402.020000	3495
401.881000	3504
401.742000	3495
401.603000	3478
401.464000	3487
401.326000	3503
401.187000	3536
401.048000	3508
400.909000	3512
400.770000	3504
400.631000	3514
400.492000	3522
400.353000	3521
400.214000	3516
400.075000	3528
399.936000	3519
399.797000	3515
399.658000	3496
399.519000	3504
399.380000	3509
399.241000	3530
399.103000	3540
398.964000	3516
398.825000	3477
398.686000	3488
398.547000	3492
398.408000	3478
398.269000	3482
398.130000	3488
397.991000	3495
397.852000	3497
397.713000	3495
397.574000	3509
397.435000	3510
397.296000	3509
397.157000	3513
397.019000	3503
396.880000	3498
396.741000	3468
396.602000	3526
396.463000	3577
396.324000	3559
396.185000	3492
396.046000	3449
395.907000	3515
395.768000	3534
395.629000	3504
395.490000	3500
395.351000	3521
395.212000	3516
395.073000	3535
394.934000	3540
394.796000	3505
394.657000	3504
394.518000	3510
394.379000	3509
394.240000	3512
394.101000	3496
393.962000	3495
393.823000	3491
393.684000	3525
393.545000	3541
393.406000	3484
393.267000	3493
393.128000	3513
392.989000	3535
392.850000	3527
392.711000	3500
392.573000	3504
392.434000	3532
392.295000	3518
392.156000	3517
392.017000	3473
391.878000	3479
391.739000	3516
391.600000	3545
391.461000	3511
391.322000	3488
391.183000	3503
391.044000	3520
390.905000	3535
390.766000	3516
390.627000	3453
390.489000	3507
390.350000	3498
390.211000	3475
390.072000	3489
389.933000	3476
389.794000	3518
389.655000	3558
389.516000	3511
389.377000	3497
389.238000	3488
389.099000	3465
388.960000	3450
388.821000	3469
388.682000	3513
388.543000	3554
388.404000	3541
388.266000	3509
388.127000	3531
387.988000	3541
387.849000	3460
387.710000	3446
387.571000	3485
387.432000	3525
387.293000	3497
387.154000	3517
387.015000	3536
386.876000	3534
386.737000	3520
386.598000	3495
386.459000	3476
386.320000	3489
386.181000	3527
386.043000	3522
385.904000	3516
385.765000	3515
385.626000	3517
385.487000	3535
385.348000	3505
385.209000	3468
385.070000	3493
384.931000	3485
384.792000	3512
384.653000	3498
384.514000	3489
384.375000	3516
384.236000	3487
384.097000	3467
383.959000	3479
383.820000	3475
383.681000	3495
383.542000	3509
383.403000	3505
383.264000	3501
383.125000	3468
382.986000	3474
382.847000	3507
382.708000	3521
382.569000	3518
382.430000	3512
382.291000	3526
382.152000	3511
382.013000	3510
381.874000	3491
381.736000	3471
381.597000	3491
381.458000	3499
381.319000	3491
381.180000	3477
381.041000	3459
380.902000	3460
380.763000	3468
380.624000	3466
380.485000	3514
380.346000	3501
380.207000	3487
380.068000	3493
379.929000	3493
379.790000	3477
379.651000	3481
379.513000	3525
379.374000	3509
379.235000	3465
379.096000	3502
378.957000	3508
378.818000	3518
378.679000	3553
378.540000	3565
378.401000	3492
378.262000	3487
378.123000	3511
377.984000	3510
377.845000	3496
377.706000	3481
377.567000	3502
377.429000	3500
377.290000	3482
377.151000	3479
377.012000	3471
376.873000	3481
376.734000	3478
376.595000	3481
376.456000	3484
376.317000	3481
376.178000	3517
376.039000	3508
375.900000	3510
375.761000	3503
375.622000	3478
375.483000	3520
375.344000	3509
375.206000	3527
375.067000	3511
374.928000	3507
374.789000	3526
374.650000	3546
374.511000	3508
374.372000	3484
374.233000	3466
374.094000	3486
373.955000	3478
373.816000	3480
373.677000	3498
373.538000	3519
373.399000	3542
373.260000	3536
373.121000	3507
372.983000	3503
372.844000	3496
372.705000	3471
372.566000	3530
372.427000	3494
372.288000	3489
372.149000	3520
372.010000	3488
371.871000	3495
371.732000	3515
371.593000	3509
371.454000	3493
371.315000	3460
371.176000	3485
371.037000	3524
370.899000	3507
370.760000	3489
370.621000	3503
370.482000	3538
370.343000	3525
370.204000	3497
370.065000	3478
369.926000	3462
369.787000	3507
369.648000	3535
369.509000	3516
369.370000	3504
369.231000	3525
369.092000	3552
368.953000	3529
368.814000	3498
368.676000	3494
368.537000	3475
368.398000	3452
368.259000	3489
368.120000	3526
367.981000	3526
367.842000	3506
367.703000	3483
367.564000	3496
367.425000	3499
367.286000	3512
367.147000	3503
367.008000	3496
366.869000	3520
366.730000	3498
366.591000	3477
366.453000	3504
366.314000	3495
366.175000	3469
366.036000	3476
365.897000	3496
365.758000	3521
365.619000	3482
365.480000	3487
365.342000	3480
365.203000	3491
365.065000	3485
364.926000	3510
364.788000	3470
364.650000	3469
364.511000	3513
364.373000	3515
364.235000	3469
364.096000	3482
363.958000	3519
363.819000	3505
363.681000	3511
363.543000	3474
363.404000	3480
363.266000	3493
363.127000	3484
362.989000	3491
362.851000	3486
362.712000	3505
362.574000	3481
362.435000	3487
362.297000	3520
362.159000	3561
362.020000	3459
361.882000	3534
361.744000	3561
361.605000	3500
361.467000	3496
361.328000	3505
361.190000	3482
361.052000	3499
360.913000	3507
360.775000	3530
360.636000	3475
360.498000	3458
360.360000	3495
360.221000	3467
360.083000	3457
359.945000	3502
359.806000	3503
359.668000	3473
359.529000	3482
359.391000	3482
359.253000	3499
359.114000	3492
358.976000	3510
358.837000	3517
358.699000	3509
358.561000	3510
358.422000	3509
358.284000	3484
358.146000	3498
358.007000	3481
357.869000	3473
357.730000	3491
357.592000	3512
357.454000	3521
357.315000	3494
357.177000	3501
357.038000	3513
356.900000	3539
356.762000	3555
356.623000	3495
356.485000	3489
356.347000	3462
356.208000	3481
356.070000	3505
355.931000	3498
355.793000	3530
355.655000	3543
355.516000	3515
355.378000	3513
355.239000	3497
355.101000	3497
354.963000	3485
354.824000	3462
354.686000	3468
354.547000	3489
354.409000	3501
354.271000	3511
354.132000	3468
353.994000	3464
353.856000	3456
353.717000	3454
353.579000	3500
353.440000	3514
353.302000	3509
353.164000	3492
353.025000	3492
352.887000	3479
352.748000	3518
352.610000	3536
352.472000	3508
352.333000	3496
352.195000	3512
352.057000	3539
351.918000	3547
351.780000	3527
351.641000	3524
351.503000	3528
351.365000	3536
351.226000	3468
351.088000	3487
350.949000	3529
350.811000	3510
350.673000	3448
350.534000	3473
350.396000	3506
350.258000	3505
350.119000	3507
349.981000	3484
349.842000	3488
349.704000	3475
349.566000	3455
349.427000	3488
349.289000	3493
349.150000	3466
349.012000	3507
348.874000	3512
348.735000	3516
348.597000	3510
348.458000	3499
348.320000	3506
348.182000	3501
348.043000	3502
347.905000	3502
347.767000	3510
347.628000	3480
347.490000	3529
347.351000	3532
347.213000	3493
347.075000	3515
346.936000	3552
346.798000	3497
346.659000	3465
346.521000	3479
346.383000	3475
346.244000	3501
346.106000	3521
345.968000	3530
345.829000	3515
345.691000	3496
345.552000	3512
345.414000	3526
345.276000	3489
345.137000	3493
344.999000	3522
344.860000	3517
344.722000	3518
344.584000	3517
344.445000	3498
344.307000	3480
344.169000	3516
344.030000	3523
343.892000	3491
343.753000	3512
343.615000	3537
343.477000	3512
343.338000	3534
343.200000	3538
343.061000	3485
342.923000	3559
342.785000	3523
342.646000	3509
342.508000	3513
342.370000	3543
342.231000	3524
342.093000	3492
341.954000	3491
341.816000	3480
341.678000	3465
341.539000	3523
341.401000	3554
341.262000	3523
341.124000	3510
340.986000	3499
340.847000	3492
340.709000	3503
340.570000	3549
340.432000	3521
340.294000	3469
340.155000	3512
340.017000	3508
339.879000	3470
339.740000	3480
339.602000	3496
339.463000	3526
339.325000	3511
339.187000	3508
339.048000	3473
338.910000	3459
338.771000	3502
338.633000	3525
338.495000	3488
338.356000	3465
338.218000	3495
338.080000	3501
337.941000	3486
337.803000	3487
337.664000	3454
337.526000	3478
337.388000	3500
337.249000	3495
337.111000	3520
336.972000	3522
336.834000	3520
336.696000	3543
336.557000	3532
336.419000	3526
336.281000	3504
336.142000	3499
336.004000	3491
335.865000	3472
335.727000	3500
335.589000	3543
335.450000	3552
335.312000	3562
335.173000	3517
335.035000	3493
334.897000	3497
334.758000	3485
334.620000	3487
334.481000	3488
334.343000	3527
334.205000	3512
334.066000	3509
333.928000	3513
333.790000	3506
333.651000	3491
333.513000	3476
333.374000	3523
333.236000	3521
333.098000	3490
332.959000	3511
332.821000	3528
332.682000	3512
332.544000	3523
332.406000	3544
332.267000	3512
332.129000	3464
331.991000	3471
331.852000	3519
331.714000	3521
331.575000	3501
331.437000	3499
331.299000	3543
331.160000	3540
331.022000	3508
330.883000	3495
330.745000	3505
330.607000	3518
330.468000	3502
330.330000	3534
330.192000	3546
330.053000	3529
329.915000	3493
329.776000	3487
329.638000	3523
329.500000	3506
329.361000	3486
329.223000	3443
329.084000	3444
328.946000	3502
328.808000	3546
328.669000	3525
328.531000	3488
328.392000	3500
328.254000	3501
328.116000	3484
327.977000	3484
327.839000	3485
327.701000	3517
327.562000	3516
327.424000	3525
327.285000	3538
327.147000	3516
327.009000	3524
326.870000	3516
326.732000	3513
326.593000	3531
326.455000	3476
326.317000	3465
326.178000	3490
326.040000	3510
325.902000	3527
325.763000	3558
325.625000	3572
325.486000	3555
325.348000	3533
325.210000	3500
325.071000	3490
324.933000	3519
324.794000	3537
324.656000	3513
324.518000	3551
324.379000	3552
324.241000	3529
324.103000	3498
323.964000	3477
323.826000	3488
323.687000	3496
323.549000	3484
323.411000	3489
323.272000	3492
323.134000	3537
322.995000	3534
322.857000	3506
322.719000	3488
322.580000	3476
322.442000	3477
322.303000	3516
322.165000	3484
322.027000	3486
321.888000	3512
321.750000	3536
321.612000	3524
321.473000	3489
321.335000	3459
321.196000	3518
321.058000	3516
320.920000	3541
320.781000	3530
320.643000	3527
320.504000	3498
320.366000	3503
320.228000	3521
320.089000	3452
319.951000	3480
319.813000	3536
319.674000	3460
319.536000	3483
319.397000	3522
319.259000	3498
319.121000	3506
318.982000	3518
318.844000	3500
318.705000	3506
318.567000	3516
318.429000	3503
318.290000	3526
318.152000	3518
318.014000	3509
317.875000	3479
317.737000	3499
317.598000	3543
317.460000	3536
317.322000	3500
317.183000	3511
317.045000	3504
316.906000	3510
316.768000	3479
316.630000	3496
316.491000	3510
316.353000	3518
316.214000	3499
316.076000	3486
315.938000	3497
315.799000	3536
315.661000	3497
315.523000	3485
315.384000	3489
315.246000	3480
315.107000	3488
314.969000	3518
314.831000	3514
314.692000	3510
314.554000	3505
314.415000	3498
314.277000	3495
314.139000	3533
314.000000	3510
313.862000	3489
313.724000	3494
313.585000	3524
313.447000	3519
313.308000	3521
313.170000	3476
313.036000	3486
312.902000	3485
312.768000	3499
312.634000	3495
312.500000	3540
312.366000	3530
312.232000	3493
312.098000	3535
311.964000	3503
311.829000	3486
311.695000	3489
311.561000	3498
311.427000	3520
311.293000	3537
311.159000	3509
311.025000	3503
310.891000	3496
310.757000	3486
310.623000	3453
310.489000	3461
310.355000	3495
310.221000	3517
310.087000	3497
309.953000	3493
309.819000	3509
309.685000	3491
309.551000	3466
309.416000	3500
309.282000	3485
309.148000	3477
309.014000	3489
308.880000	3525
308.746000	3495
308.612000	3538
308.478000	3534
308.344000	3516
308.210000	3520
308.076000	3505
307.942000	3513
307.808000	3503
307.674000	3449
307.540000	3484
307.406000	3452
307.272000	3471
307.138000	3497
307.004000	3487
306.869000	3499
306.735000	3488
306.601000	3517
306.467000	3543
306.333000	3523
306.199000	3480
306.065000	3482
305.931000	3488
305.797000	3505
305.663000	3512
305.529000	3537
305.395000	3483
305.261000	3454
305.127000	3474
304.993000	3512
304.859000	3486
304.725000	3485
304.591000	3520
304.456000	3534
304.322000	3532
304.188000	3488
304.054000	3469
303.920000	3482
303.786000	3457
303.652000	3456
303.518000	3469
303.384000	3505
303.250000	3516
303.116000	3527
302.982000	3549
302.848000	3517
302.714000	3487
302.580000	3473
302.446000	3493
302.312000	3500
302.178000	3494
302.044000	3523
301.909000	3498
301.775000	3491
301.641000	3514
301.507000	3487
301.373000	3424
301.239000	3448
301.105000	3457
300.971000	3456
300.837000	3473
300.703000	3491
300.569000	3527
300.435000	3560
300.301000	3506
300.167000	3523
300.033000	3516
299.899000	3475
299.765000	3441
299.631000	3476
299.496000	3515
299.362000	3515
299.228000	3508
299.094000	3542
298.960000	3553
298.826000	3523
298.692000	3482
298.558000	3478
298.424000	3484
298.290000	3512
298.156000	3518
298.022000	3497
297.888000	3503
297.754000	3499
297.620000	3507
297.486000	3504
297.352000	3506
297.218000	3501
297.084000	3478
296.949000	3477
296.815000	3498
296.681000	3525
296.547000	3517
296.413000	3497
296.279000	3503
296.145000	3488
296.011000	3488
295.877000	3499
295.743000	3527
295.609000	3573
295.475000	3544
295.341000	3492
295.207000	3450
295.073000	3526
294.939000	3525
294.805000	3483
294.671000	3494
294.536000	3488
294.402000	3508
294.268000	3492
294.134000	3498
294.000000	3494
293.866000	3521
293.732000	3488
293.598000	3494
293.464000	3508
293.330000	3527
293.196000	3504
293.062000	3495
292.928000	3511
292.794000	3508
292.660000	3499
292.526000	3509
292.392000	3515
292.258000	3495
292.124000	3487
291.989000	3474
291.855000	3503
291.721000	3520
291.587000	3506
291.453000	3489
291.319000	3472
291.185000	3499
291.051000	3522
290.917000	3451
290.783000	3479
290.649000	3520
290.515000	3518
290.381000	3506
290.247000	3513
290.113000	3544
289.979000	3512
289.845000	3484
289.711000	3490
289.576000	3478
289.442000	3494
289.308000	3463
289.174000	3500
289.040000	3492
288.906000	3483
288.772000	3515
288.638000	3508
288.504000	3513
288.370000	3493
288.236000	3491
288.102000	3510
287.968000	3516
287.834000	3540
287.700000	3544
287.566000	3513
287.432000	3496
287.298000	3504
287.164000	3520
287.029000	3487
286.895000	3475
286.761000	3512
286.627000	3516
286.493000	3489
286.359000	3445
286.225000	3474
286.091000	3531
285.957000	3541
285.823000	3537
285.689000	3517
285.555000	3450
285.421000	3481
285.287000	3511
285.153000	3514
285.019000	3509
284.885000	3510
284.751000	3539
284.616000	3553
284.482000	3533
284.348000	3536
284.214000	3539
284.080000	3470
283.946000	3463
283.812000	3481
283.678000	3489
283.544000	3516
283.410000	3515
283.276000	3504
283.142000	3488
283.008000	3486
282.874000	3510
282.740000	3495
282.606000	3499
282.472000	3529
282.338000	3519
282.204000	3513
282.069000	3511
281.935000	3512
281.801000	3552
281.667000	3510
281.533000	3477
281.399000	3500
281.265000	3510
281.131000	3493
280.997000	3526
280.863000	3541
280.729000	3517
280.595000	3490
280.461000	3502
280.327000	3488
280.193000	3504
280.059000	3513
279.925000	3489
279.791000	3484
279.656000	3475
279.522000	3480
279.388000	3493
279.254000	3490
279.120000	3488
278.986000	3475
278.852000	3504
278.718000	3488
278.584000	3453
278.450000	3466
278.316000	3497
278.182000	3494
278.048000	3500
277.914000	3527
277.780000	3485
277.646000	3477
277.512000	3499
277.378000	3496
277.244000	3512
277.109000	3543
276.975000	3528
276.841000	3533
276.707000	3521
276.573000	3497
276.439000	3494
276.305000	3501
276.171000	3479
276.037000	3480
275.903000	3510
275.769000	3536
275.635000	3533
275.501000	3505
275.367000	3510
275.233000	3509
275.099000	3462
274.965000	3455
274.831000	3502
274.696000	3512
274.562000	3467
274.428000	3490
274.294000	3465
274.160000	3489
274.026000	3540
273.892000	3518
273.758000	3500
273.624000	3523
273.490000	3505
273.356000	3493
273.222000	3490
273.088000	3498
272.954000	3516
272.820000	3477
272.686000	3460
272.552000	3480
272.418000	3495
272.284000	3442
272.149000	3450
272.015000	3513
271.881000	3512
271.747000	3490
271.613000	3476
271.479000	3503
271.345000	3523
271.211000	3468
271.077000	3445
270.943000	3462
270.809000	3477
270.675000	3482
270.541000	3527
270.407000	3527
270.273000	3516
270.139000	3513
270.005000	3518
269.871000	3479
269.736000	3490
269.602000	3499
269.468000	3481
269.334000	3496
269.200000	3471
269.066000	3446
268.932000	3474
268.798000	3510
268.664000	3505
268.530000	3496
268.396000	3513
268.262000	3484
268.128000	3476
267.994000	3517
267.860000	3551
267.726000	3526
267.592000	3484
267.458000	3488
267.324000	3519
267.189000	3483
267.055000	3476
266.921000	3503
266.787000	3527
266.653000	3523
266.519000	3520
266.385000	3531
266.251000	3517
266.117000	3544
265.983000	3508
265.849000	3486
265.715000	3482
265.581000	3475
265.447000	3483
265.313000	3513
265.179000	3505
265.045000	3494
264.911000	3531
264.776000	3526
264.642000	3458
264.508000	3488
264.374000	3484
264.240000	3506
264.106000	3500
263.972000	3496
263.838000	3468
263.704000	3449
263.570000	3456
263.436000	3490
263.302000	3519
263.168000	3546
263.034000	3533
262.900000	3502
262.766000	3503
262.632000	3541
262.498000	3528
262.364000	3502
262.229000	3536
262.095000	3529
261.961000	3469
261.827000	3487
261.693000	3460
261.559000	3482
261.425000	3513
261.291000	3491
261.157000	3508
261.023000	3526
260.889000	3540
260.755000	3546
260.621000	3499
260.487000	3477
260.353000	3493
260.219000	3452
260.085000	3475
259.951000	3514
259.816000	3504
259.682000	3494
259.548000	3514
259.414000	3506
259.280000	3489
259.146000	3512
259.012000	3526
258.878000	3532
258.744000	3539
258.610000	3519
258.476000	3490
258.342000	3520
258.208000	3518
258.074000	3485
257.940000	3499
257.806000	3515
257.672000	3496
257.538000	3485
257.404000	3509
257.269000	3498
257.135000	3480
257.001000	3511
256.867000	3498
256.733000	3456
256.599000	3473
256.465000	3500
256.331000	3519
256.197000	3530
256.063000	3540
255.929000	3534
255.795000	3480
255.661000	3468
255.527000	3489
255.393000	3457
255.259000	3492
255.125000	3485
254.991000	3486
254.856000	3495
254.722000	3494
254.588000	3490
254.454000	3547
254.320000	3507
254.186000	3491
254.052000	3499
253.918000	3523
253.784000	3527
253.650000	3480
253.518000	3471
253.385000	3472
253.253000	3480
253.120000	3488
252.988000	3510
252.856000	3529
252.723000	3517
252.591000	3506
252.458000	3491
252.326000	3509
252.193000	3520
252.061000	3529
251.929000	3501
251.796000	3522
251.664000	3531
251.531000	3510
251.399000	3502
251.267000	3483
251.134000	3496
251.002000	3510
250.869000	3520
250.737000	3525
250.605000	3517
250.472000	3508
250.340000	3525
250.207000	3498
250.075000	3491
249.943000	3509
249.810000	3515
249.678000	3492
249.545000	3508
249.413000	3526
249.280000	3532
249.148000	3491
249.016000	3457
248.883000	3460
248.751000	3490
248.618000	3472
248.486000	3475
248.354000	3523
248.221000	3553
248.089000	3527
247.956000	3513
247.824000	3497
247.692000	3535
247.559000	3533
247.427000	3512
247.294000	3497
247.162000	3506
247.029000	3488
246.897000	3497
246.765000	3499
246.632000	3513
246.500000	3511
246.367000	3497
246.235000	3456
246.103000	3466
245.970000	3494
245.838000	3491
245.705000	3508
245.573000	3514
245.441000	3498
245.308000	3495
245.176000	3495
245.043000	3470
244.911000	3483
244.779000	3443
244.646000	3478
244.514000	3520
244.381000	3502
244.249000	3515
244.116000	3503
243.984000	3516
243.852000	3529
243.719000	3495
243.587000	3487
243.454000	3524
243.322000	3527
243.190000	3491
243.057000	3477
242.925000	3507
242.792000	3513
242.660000	3489
242.528000	3503
242.395000	3496
242.263000	3492
242.130000	3514
241.998000	3504
241.865000	3524
241.733000	3539
241.601000	3515
241.468000	3471
241.336000	3467
241.203000	3502
241.071000	3511
240.939000	3517
240.806000	3501
240.674000	3523
240.541000	3525
240.409000	3492
240.277000	3493
240.144000	3531
240.012000	3519
239.879000	3502
239.747000	3503
239.614000	3486
239.482000	3484
239.350000	3505
239.217000	3499
239.085000	3496
238.952000	3538
238.820000	3549
238.688000	3522
238.555000	3486
238.423000	3483
238.290000	3510
238.158000	3507
238.026000	3483
237.893000	3505
237.761000	3511
237.628000	3499
237.496000	3507
237.364000	3494
237.231000	3469
237.099000	3481
236.966000	3492
236.834000	3490
236.701000	3481
236.569000	3515
236.437000	3533
236.304000	3533
236.172000	3505
236.039000	3514
235.907000	3499
235.775000	3496
235.642000	3489
235.510000	3507
235.377000	3548
235.245000	3544
235.113000	3507
234.980000	3528
234.848000	3541
234.715000	3511
234.583000	3467
234.450000	3479
234.318000	3509
234.186000	3512
234.053000	3530
233.921000	3524
233.788000	3504
233.656000	3506
233.524000	3511
233.391000	3520
233.259000	3496
233.126000	3508
232.994000	3552
232.862000	3517
232.729000	3462
232.597000	3470
232.464000	3478
232.332000	3479
232.200000	3489
232.067000	3476
231.935000	3478
231.802000	3496
231.670000	3513
231.537000	3497
231.405000	3507
231.273000	3518
231.140000	3517
231.008000	3524
230.875000	3510
230.743000	3472
230.611000	3499
230.478000	3483
230.346000	3497
230.213000	3500
230.081000	3508
229.949000	3521
229.816000	3519
229.684000	3529
229.551000	3498
229.419000	3444
229.286000	3471
229.154000	3499
229.022000	3501
228.889000	3516
228.757000	3468
228.624000	3469
228.492000	3545
228.360000	3513
228.227000	3522
228.095000	3473
227.962000	3488
227.830000	3512
227.698000	3503
227.565000	3511
227.433000	3517
227.300000	3500
227.168000	3494
227.036000	3488
226.903000	3489
226.771000	3484
226.638000	3499
226.506000	3518
226.373000	3532
226.241000	3512
226.109000	3484
225.976000	3504
225.844000	3511
225.711000	3504
225.579000	3502
225.447000	3513
225.314000	3484
225.182000	3474
225.049000	3465
224.917000	3511
224.785000	3548
224.652000	3509
224.520000	3473
224.387000	3509
224.255000	3460
224.122000	3478
223.990000	3489
223.858000	3482
223.725000	3504
223.593000	3506
223.460000	3486
223.328000	3489
223.196000	3516
223.063000	3514
222.931000	3504
222.798000	3514
222.666000	3497
222.534000	3499
222.401000	3500
222.269000	3505
222.136000	3528
222.004000	3529
221.871000	3506
221.739000	3479
221.607000	3469
221.474000	3489
221.342000	3495
221.209000	3525
221.077000	3536
220.945000	3524
220.812000	3504
220.680000	3484
220.547000	3475
220.415000	3484
220.283000	3490
220.150000	3487
220.018000	3488
219.885000	3502
219.753000	3487
219.621000	3497
219.488000	3512
219.356000	3499
219.223000	3519
219.091000	3514
218.958000	3495
218.826000	3464
218.694000	3488
218.561000	3513
218.429000	3513
218.296000	3515
218.164000	3510
218.032000	3507
217.899000	3516
217.767000	3492
217.634000	3523
217.502000	3513
217.370000	3495
217.237000	3518
217.105000	3535
216.972000	3541
216.840000	3536
216.707000	3512
216.575000	3482
216.443000	3485
216.310000	3508
216.178000	3492
216.045000	3497
215.913000	3490
215.781000	3479
215.648000	3475
215.516000	3504
215.383000	3527
215.251000	3529
215.119000	3506
214.986000	3525
214.854000	3530
214.721000	3507
214.589000	3519
214.457000	3516
214.324000	3490
214.192000	3486
214.059000	3490
213.927000	3482
213.794000	3505
213.662000	3520
213.530000	3525
213.397000	3513
213.265000	3517
213.132000	3512
213.000000	3502
212.868000	3494
212.735000	3521
212.603000	3481
212.470000	3500
212.338000	3549
212.206000	3529
212.073000	3484
211.941000	3492
211.808000	3491
211.676000	3493
211.543000	3508
211.411000	3512
211.279000	3485
211.146000	3540
211.014000	3518
210.881000	3471
210.749000	3501
210.617000	3520
210.484000	3494
210.352000	3517
210.219000	3522
210.087000	3518
209.955000	3482
209.822000	3463
209.690000	3477
209.557000	3503
209.425000	3504
209.292000	3513
209.160000	3541
209.028000	3534
208.895000	3505
208.763000	3518
208.630000	3509
208.498000	3501
208.366000	3482
208.233000	3478
208.101000	3509
207.968000	3504
207.836000	3502
207.704000	3539
207.571000	3546
207.439000	3526
207.306000	3497
207.174000	3491
207.042000	3510
206.909000	3499
206.777000	3494
206.644000	3500
206.512000	3502
206.379000	3490
206.247000	3496
206.115000	3491
205.982000	3496
205.850000	3492
205.717000	3501
205.585000	3489
205.453000	3492
205.320000	3491
205.188000	3521
205.055000	3535
204.923000	3542
204.791000	3518
204.658000	3502
204.526000	3520
204.393000	3526
204.261000	3523
204.128000	3496
203.996000	3493
203.864000	3516
203.731000	3511
203.599000	3510
203.466000	3458
203.334000	3485
203.202000	3525
203.069000	3527
202.937000	3516
202.804000	3510
202.672000	3526
202.540000	3510
202.407000	3495
202.275000	3512
202.142000	3495
202.010000	3505
201.878000	3477
201.745000	3477
201.613000	3509
201.480000	3521
201.348000	3525
201.215000	3497
201.083000	3493
200.951000	3510
200.818000	3510
200.686000	3502
200.553000	3475
200.421000	3509
200.289000	3489
200.156000	3530
200.024000	3552
199.891000	3542
199.759000	3493
199.627000	3462
199.494000	3479
199.362000	3503
199.229000	3506
199.097000	3513
198.964000	3497
198.832000	3454
198.700000	3457
198.567000	3490
198.435000	3518
198.302000	3519
198.170000	3489
198.038000	3472
197.905000	3493
